dt,avg_ta,min_ta,max_ta,max_ta_hrmt,min_ta_hrmt,sum_rn,hr1_max_rn,mi10_max_rn,sum_rn_dur,n9_9_rn,mi10_max_rn_hrmt,hr1_max_rn_hrmt,min_rhm,avg_rhm,min_rhm_hrmt,hr24_sum_rws,avg_ws,max_ins_ws,max_ws,max_ins_ws_wd,max_ws_wd,max_wd,max_ins_ws_hrmt,max_ws_hrmt,ss_dur,sum_ss_hr,hr1_max_icsr,sum_gsr,hr1_max_icsr_hrmt,avg_tca,avg_lmac,avg_td,min_tg,avg_ts,avg_m1_5_te,avg_cm5_te,avg_cm10_te,avg_cm20_te,avg_cm30_te,avg_m0_5_te,avg_m1_0_te,avg_m5_0_te,avg_m3_0_te,dd_mes,dd_mefs,sum_dpth_fhsc,dd_mes_hrmt,dd_mefs_hrmt,avg_pv,avg_pa,avg_ps,min_ps,max_ps,min_ps_hrmt,max_ps_hrmt,sum_fog_dur,sum_lrg_ev,sum_sml_ev,iscs,code,x,y
2009-11-08,16.7,13.6,23.0,36.0,2357.0,0.3,,,6.5,,,,38.0,71.4,636.0,1737.0,2.0,11.4,5.6,200.0,250.0,270.0,532.0,543.0,10.4,0.0,,,,9.0,7.1,10.9,9.9,15.4,,,,,,,,,,,,,,,13.3,1012.4,1015.1,1013.6,1016.2,219.0,1044.0,,,,{비}0650-{비}{강도0}0900-0930. {비}1230-{비}{강도0}1500-1620. {박무}2140-{박무}{강도0}2400-,90,128.5647,38.2509
2009-11-08,15.6,11.7,20.0,1514.0,2359.0,26.0,,,7.67,0.0,,,69.0,90.9,1514.0,718.0,0.8,5.7,3.5,340.0,360.0,230.0,1254.0,1252.0,10.4,0.7,,,,8.3,6.6,14.0,7.4,16.4,,15.3,14.6,14.0,13.6,13.4,15.0,,,,,,,,16.0,997.2,1015.4,1013.0,1017.5,1414.0,259.0,,,0.9,{비}0140-{소나기}0150-{소나기}{강도1}0300-{비}0340-{비}{강도1}0600-{비}{강도0}0900-0920. {천둥}{강도0}(NW)0140-{뇌전}{강도0}(NW 6~8)0150-{뇌전}{강도0}(NW{이동}N 4~6)0205-{뇌전}{강도0}(N{이동}NE 6~8)0220. {뇌전}{강도0}(N 6~8)0230-{뇌전}{강도0}(N{이동}NE 8~10)0250-{뇌전}{강도0}(NE 9~11)0300-0305. {뇌전}{강도0}(W 6~8)0320-{뇌전}{강도0}(W{이동}SW 4~6)0330-0340. {박무}0120-{박무}{강도0}0300-{박무}{강도0}0600-{박무}{강도0}0900-1130. {박무}2130-{박무}{강도1}2400-,95,127.3042,38.1479
2009-11-08,16.7,13.6,22.0,1407.0,2349.0,57.5,,,9.68,,,,62.0,88.4,1412.0,1145.0,1.3,8.5,3.4,180.0,160.0,160.0,249.0,38.0,10.4,0.6,,,,7.0,5.9,14.6,12.4,16.6,,,,,,,,,,,,,,,16.6,1001.8,1015.0,1012.8,1016.8,1403.0,314.0,,,,{비}0025-0030. {비}0104-{비}{강도1}0300-{비}{강도0}0600-{비}{강도1}0900-1040. {천둥}{강도0}(W)0025-0040. {뇌전}{강도0}(W 6~8)0135-{뇌전}{강도0}(W{이동}NW 5~7)0155-{뇌전}{강도1}(NW 3~4)0210-{뇌전}{강도1}(NW{이동}N 3~4)0230-{뇌전}{강도1}(N 3~4)0300-{뇌전}{강도2}(N 1~2)0335-{뇌전}{강도1}(N{이동}NE 3~4)0345-{뇌전}{강도0}(NE 5~7)0405-0420. {뇌전}{강도0}(S 5~7)0635-0650. {박무}0210-{박무}{강도0}0300-{박무}{강도0}0600-{박무}{강도0}0900-0950. {박무}2135-{박무}{강도0}2400-,98,127.0607,37.9019
2009-11-08,16.3,12.6,19.9,1418.0,2345.0,134.5,,,10.42,,,,71.0,91.1,1424.0,1239.0,1.4,7.5,4.3,70.0,70.0,50.0,1143.0,251.0,10.4,0.1,,,,9.3,7.8,14.7,9.8,16.5,,,,,,,,,,,,,,,16.8,1011.4,1015.0,1012.9,1016.8,1442.0,256.0,1.17,,,-{박무}-{박무}{강도1}0300-{박무}{강도0}0600-{박무}{강도0}0900-0940. {비}0005-{비}{강도2}0300-{비}{강도0}0600-{비}{강도0}0900-1030. {천둥}{강도0}(NE)0023-{뇌전}{강도0}(NE 5~6)0025-0050. {뇌전}{강도0}(S 9~10)0055-{뇌전}{강도1}(S{이동}SW 7~8)0110-0130. {뇌전}{강도1}(NW 7~8)0115-{뇌전}{강도2}(NW{이동}W 2~3)0130-{뇌전}{강도2}(W{이동}SW 1~2)0150-{뇌전}{강도1}(SW 2~3)0155-{뇌전}{강도1}(SW{이동}S 3~4)0210-{뇌전}{강도0}(S 5~6)0215-0230. {뇌전}{강도0}(SE 5~6)0240-{뇌전}{강도0}(SE 7~8)0300-0320. {뇌전}{강도0}(SW 7~8)0738-0750. {박무}2130-{시정(미만)}{1km}{안개}2250-{안개}{강도0}2400-,99,126.7665,37.8859
2009-11-08,12.9,11.8,15.1,421.0,2143.0,9.5,,,9.08,,,,77.0,88.5,420.0,2875.0,3.3,15.5,10.4,270.0,270.0,270.0,532.0,545.0,10.4,0.0,0.41,1.71,1400.0,10.0,7.0,10.9,11.3,11.6,,,,,,,,,,,,,,,13.1,927.2,1015.3,1013.8,1017.0,1611.0,616.0,2.5,,,{비}0530-{비}{강도0}0600-0815. {비}1150-{비}{강도0}1200-1410. {비}1550-1610. {비}1840-{비}{강도0}2100-2220. {박무}1540-{박무}{강도0}1800-{시정(미만)}{1km}{안개}1940-{시정(미만)}{0.5km}{안개}2005-{안개}{강도1}2100-{시정(이상)}{0.5km}{안개}2130-{시정(이상)}{1km}{박무}2210-2340.,100,128.7183,37.6771
2009-11-08,15.0,13.6,17.5,1422.0,2104.0,31.0,,,9.83,7.5,,,81.0,93.0,1413.0,475.0,0.5,4.9,3.4,320.0,320.0,320.0,1222.0,1227.0,10.4,0.1,0.78,2.82,1300.0,9.1,8.0,13.8,10.0,14.3,18.5,14.3,14.3,14.3,14.4,14.0,16.4,18.2,19.1,,,,,,15.8,1006.6,1015.7,1013.8,1017.6,1401.0,503.0,2.33,,0.6,-{박무}-{박무}{강도1}0300-{박무}{강도1}0600-{박무}{강도0}0900-{박무}{강도1}1200-1245. {박무}2010-{박무}{강도1}2100-{시정(미만)}{1km}{안개}2130-{시정(미만)}{0.5km}{안개}2145-{시정(미만)}{0.2km}{안개}2220-{시정(이상)}{0.2km}{안개}2320-{시정(이상)}{0.5km}{안개}2335-{시정(이상)}{1km}{박무}2350-{박무}{강도1}2400- {비}0250-{비}{강도0}0300-{비}{강도1}0600-{비}{강도0}0900-{비}{강도0}1200-1240. {천둥}{강도0}(NW)0330-{뇌전}{강도0}(NW 6-7)0338-{뇌전}{강도1}(NW 6-7)0349-{뇌전}{강도0}(NW 4-5)0401-0415.,101,127.7357,37.9026
2009-11-08,15.4,14.0,19.5,1253.0,1948.0,0.5,,,2.25,,,,74.0,92.0,1258.0,3338.0,3.9,17.8,11.1,230.0,200.0,90.0,47.0,19.0,10.4,3.2,,,,7.0,5.3,14.1,14.3,16.8,,,,,,,,,,,,,,,16.1,997.2,1014.4,1012.8,1016.3,243.0,2244.0,10.58,,,-{안개}-{시정(이상)}{0.2km}{안개}0115-{시정(이상)}{0.5km}{안개}0120-{시정(이상)}{1km}{박무}0140-0153. {박무}0230-{박무}{강도0}0300-0320. {박무}0720-0845. {박무}0940-1020. {박무}1430-{시정(미만)}{1km}{안개}1455-{안개}{강도0}1500-{시정(미만)}{0.5km}{안개}1505-{시정(미만)}{0.2km}{안개}1510-{안개}{강도2}1800-{안개}{강도2}2100-{시정(이상)}{0.2km}{안개}2310-{시정(이상)}{0.5km}{안개}2335-{시정(이상)}{1km}{박무}2350-{박무}{강도1}2400- -{안개비}-{비}0010-0155. {비}0350-0410.,102,124.6305,37.9661
2009-11-08,17.3,13.7,20.9,547.0,2356.0,3.0,,,7.33,3.0,,,49.0,78.4,721.0,1407.0,1.6,7.3,4.2,180.0,140.0,140.0,656.0,1038.0,10.4,0.0,0.24,1.47,1400.0,8.8,5.8,13.1,10.5,14.7,15.5,13.8,13.6,13.3,11.7,13.0,14.4,15.5,17.2,,,,,,15.1,1005.4,1014.7,1013.6,1016.0,444.0,855.0,,,0.4,{비}1130-{비}{강도0}1200-{비}{강도0}1500-1755. {박무}1520-1640. {박무}1930-{박무}{강도0}2100-{박무}{강도0}2400- {안개비}1945-2040.,104,128.8554,37.8046
2009-11-08,18.2,14.4,21.9,111.0,2358.0,4.0,,,,,,,51.0,79.5,635.0,1716.0,2.0,11.0,6.4,250.0,230.0,230.0,634.0,809.0,10.4,0.0,0.24,1.44,1400.0,,,14.0,9.6,15.5,17.4,15.1,14.9,14.7,14.7,14.7,15.8,16.9,18.4,,,,,,16.1,1011.7,1014.8,1013.9,1016.1,218.0,1005.0,,,,,105,128.891,37.7515
2009-11-08,17.7,15.3,21.6,556.0,2339.0,4.5,,,4.0,,,,60.0,83.8,511.0,1328.0,1.5,7.6,4.4,270.0,290.0,340.0,633.0,636.0,10.4,0.0,,,,8.9,5.9,14.7,12.7,14.7,,,,,,,,,,,,,,,16.8,1010.1,1014.7,1013.6,1016.3,1555.0,749.0,,,,{비}0630-0750. {비}1240-{비}{강도0}1500-1520. {박무}1330-{박무}{강도0}1500-1540.,106,129.1243,37.5071
2009-11-08,16.9,15.3,19.8,1228.0,2355.0,34.0,,,11.23,7.0,,,75.0,89.9,1222.0,1281.0,1.5,7.7,4.6,70.0,250.0,90.0,1049.0,336.0,10.4,0.6,1.21,3.45,1200.0,7.8,5.9,15.1,10.5,16.3,18.0,16.2,15.7,15.4,15.1,15.2,16.3,18.3,19.3,,,,,,17.2,1004.7,1014.7,1012.8,1016.5,1416.0,521.0,,,2.6,{소나기}0010-0034. {소나기}0048-0128. {비}0155-{비}{강도1}0300-{비}{강도1}0600-{비}{강도1}0900-1120. {안개비}1725-{안개비}{강도0}1800-1810. {뇌전}{강도0}(SW 10~12)0222-{뇌전}{강도1}(SW{이동}S 10~12)0235-0240. {뇌전}{강도1}(SW 4~5)0635. {박무}0315-{박무}{강도0}0600-{박무}{강도0}0900-1020.,108,126.9658,37.5714
2009-11-08,16.7,15.3,18.8,118.0,2345.0,59.0,,,10.5,5.5,,,82.0,94.3,116.0,2027.0,2.3,15.6,8.3,230.0,230.0,140.0,146.0,153.0,10.4,0.3,1.24,3.65,1100.0,7.5,6.8,15.7,11.8,15.6,18.5,16.4,16.6,15.8,15.6,14.9,16.6,15.7,18.3,,,,,,17.9,1006.7,1014.8,1012.0,1016.5,1032.0,200.0,,,1.2,{천둥}{강도0}(NW)0007-0045. {천둥}{강도0}(SW)0043-{뇌전}{강도0}(SW 5~6)0123-{뇌전}{강도1}(SW 2~4)0138-0148. {천둥}{강도0}(W)0145-{뇌전}{강도0}(W 4~5)0150. {뇌전}{강도1}(N 3~4)0153-{뇌전}{강도1}(N{이동}NE 3~4)0158-{뇌전}{강도0}(NE 6~7)0208-0215. {천둥}{강도0}(W)0437. {뇌전}{강도2}(NE 1~2)0523. {천둥}{강도0}(NE)0545. {천둥}{강도0}(SW)0603-{뇌전}{강도0}(SW 5~6)0615. {천둥}{강도0}(S)0703-{천둥}{강도0}(S{이동}SE)0722-0730. {천둥}{강도0}(W)0737. {천둥}{강도0}(SW)0814-0850. {천둥}{강도0}(SW)0920-{천둥}{강도0}(SW{이동}S)0930-0955. {비}0115-{소나기}0130-{비}0215-{비}{강도0}0300-{비}{강도0}0600-{비}{강도1}0900-1045. {비}1320-1420. {박무}2040-{박무}{강도0}2100-{박무}{강도2}2400-,112,126.6244,37.4776
2009-11-08,15.5,14.3,18.9,1355.0,453.0,43.5,,,10.67,,,,72.0,91.5,1402.0,637.0,0.7,8.8,3.9,160.0,160.0,340.0,1323.0,1347.0,10.4,0.0,0.64,1.72,1300.0,9.8,7.4,14.0,11.5,15.1,,,,,,,,,,,,,,,16.0,998.0,1015.8,1012.8,1018.6,1314.0,649.0,1.5,,,-{박무}-{박무}{강도0}0300-{박무}{강도1}0600-0720. {박무}0940-{박무}{강도0}1200-1240. {박무}1510-{박무}{강도0}1800-{박무}{강도0}2100-{시정(미만)}{1km}{안개}2230-{시정(미만)}{0.5km}{안개}2255-{안개}{강도1}2400- {비}0250-{비}{강도0}0300-{소나기}0350-{비}0520-{비}{강도1}0600-0750. {비}0930-{비}{강도1}1200-1340. {비}1510-1640. {천둥}{강도0}(W)0347-{뇌전}{강도0}(W 5~6)0358-{뇌전}{강도1}(W 2~3)0402-{뇌전}{강도2}(W{이동}Z 1)0428-{뇌전}{강도1}(Z{이동}E 2~3)0440-{뇌전}{강도0}(E 6~7)0514-0520.,114,127.9466,37.3375
2009-11-08,16.4,15.1,18.8,1224.0,2359.0,47.0,,,11.83,16.0,,,86.0,97.0,1227.0,1163.0,1.3,10.0,5.4,110.0,70.0,140.0,1214.0,1053.0,10.4,0.3,1.02,2.44,1200.0,7.9,6.4,15.8,12.5,15.4,18.1,15.2,15.2,14.8,14.3,14.7,16.3,17.2,18.6,,,,,,18.0,1010.8,1014.9,1012.8,1017.2,1203.0,327.0,,,0.6,-{박무}-{박무}{강도1}0300-{박무}{강도0}0600-{박무}{강도0}0900-1110. {비}0050-0055. {비}0130-{소나기}0210-{소나기}{강도0}0300-{비}0340-{소나기}0420-{비}0550-{비}{강도0}0600-{소나기}0735-{비}0830-{비}{강도1}0900-{소나기}0950-{비}1010-1140. {비}1820-1955. {뇌전}{강도0}(NW 6-7)0220-{뇌전}{강도0}(NW{이동}W 4-5)0240-{뇌전}{강도0}(W 4-5)0300-{뇌전}{강도1}(W 2-3)0320-0340. {뇌전}{강도0}(SW 5-6)0430-{뇌전}{강도0}(SW{이동}W 3-4)0510-0545. {뇌전}{강도0}(W 4-5)0740-{뇌전}{강도0}(W{이동}SW 3-4)0815-0830. {뇌전}{강도0}(SW 5-6)0950-1010. {박무}1950-{박무}{강도0}2100-{박무}{강도0}2400-,119,126.9853,37.2723
2009-11-08,14.3,12.1,16.0,1504.0,319.0,24.5,,,12.33,,,,88.0,94.6,0.0,522.0,0.6,3.7,2.5,250.0,180.0,140.0,546.0,624.0,10.4,0.0,,,,9.8,7.1,13.4,9.8,14.1,,,,,,,,,,,,,,,15.4,987.7,1015.9,1013.7,1018.3,1452.0,623.0,2.33,,,{박무}0220-{박무}{강도0}0300-{박무}{강도1}0600-{박무}{강도0}0900-{박무}{강도0}1200-{박무}{강도0}1500-{박무}{강도0}1800- {박무}{강도2}2100-{시정(미만)}{1km}{안개}2140-{시정(미만)}{0.5km}{안개}2330-{안개}{강도1}2400- {비}0530-{비}{강도1}0600-0820. {비}0940-{비}{강도0}1200-1450. {비}1520-{비}{강도0}1800-1940. {천둥}{강도0}(SW)0535-{뇌전}{강도0}(SW 5~6)0540-{뇌전}{강도0}(SW{이동}S 3~4)0545-{뇌전}{강도0}(S{이동}SE 5~6)0550-{뇌전}{강도0}(SE 5~6)0600-0610.,121,128.4574,37.1813
2009-11-08,15.5,13.0,17.3,1410.0,239.0,13.5,,,8.42,,,,78.0,90.1,1020.0,844.0,1.0,11.0,7.8,140.0,90.0,90.0,1339.0,1343.0,10.4,0.0,,,,9.9,7.3,13.9,11.4,14.2,,,,,,,,,,,,,,,15.9,1002.1,1015.6,1013.1,1017.4,1340.0,21.0,1.33,,,{박무}0020-{박무}{강도0}0300-{박무}{강도0}0600-0620. {비}0505-{비}{강도0}0600-{비}{강도0}0900-0905. {비}1055-{비}{강도0}1200-{소나기}1210-{비}1222-1325. {뇌전}{강도0}(SW 7-8)1210-1220. {비}1625-1745. {박무}1840-{박무}{강도0}2100-{시정(미만)}{1km}{안개}2240-{안개}{강도0}2400- {안개비}2320-2355.,127,127.9525,36.9705
2009-11-08,17.5,16.1,19.8,1512.0,1100.0,41.5,,,11.0,18.0,,,78.0,91.9,1514.0,2263.0,2.6,8.0,5.5,200.0,200.0,200.0,1200.0,1425.0,10.5,0.7,0.98,4.39,1100.0,8.8,7.5,16.1,14.2,17.3,,17.1,16.5,16.5,15.6,15.5,16.6,,,,,,,,18.2,1011.4,1014.4,1012.7,1016.7,1331.0,0.0,,,0.7,{비}0145-{소나기}0230-{소나기}{강도0}0300-{비}0435-{비}{강도0}0600-{소나기}0615-{비}0735-{비}{강도1}0900-1110. {비}1135-{비}{강도0}1200-1310. {천둥}{강도0}(SW)0203. {뇌전}{강도0}(SW 4~5)0228-{뇌전}{강도0}(SW{이동}S 4~5)0240-{뇌전}{강도0}(S{이동}SE 4~5)0300-0320. {뇌전}{강도0}(W 6~7)0335-{뇌전}{강도0}(W{이동}NW 5~6)0350-0430. {뇌전}{강도0}(SW 5~6)0610-{뇌전}{강도1}(SW 2~3)0650-0730. {천둥}{강도0}(W)0810-{뇌전}{강도0}(W 5~6)0820-{뇌전}{강도0}(W{이동}SW 2~3)0840-{뇌전}{강도0}(SW 2~3)0900-{뇌전}{강도1}(SW{이동}S 1~2)0915-{뇌전}{강도0}(S{이동}SE 5~6)0930-0940. {천둥}{강도0}(S)1015.,129,126.4939,36.7766
2009-11-08,17.1,15.1,20.2,1110.0,2333.0,7.5,,,6.42,,,,64.0,84.3,0.0,1076.0,1.2,5.2,2.9,270.0,270.0,200.0,1408.0,1011.0,10.4,0.0,,,,9.4,5.6,14.2,13.7,15.2,,,,,,,,,,,,,,,16.2,1010.1,1015.9,1014.7,1017.3,1728.0,833.0,,,,{소나기}1305-{소나기}{강도1}1500-{비}1510-{비}{강도0}1800-1910. {비}2220-2240. {천둥}{강도0}(NE)1250-1305. {천둥}{강도0}(SW)1310-{뇌전}{강도0}(SW 5~7)1335-{뇌전}{강도0}(SW{이동}W 4~6)1350-{뇌전}{강도0}(W{이동}NW 3~5)1405-{뇌전}{강도0}(NW{이동}N 3~5)1415-{뇌전}{강도0}(N{이동}NE 4~6)1450-{뇌전}{강도0}(NE 5~7)1500-1515. {박무}1330-{박무}{강도0}1500-{박무}{강도0}1800-{박무}{강도0}2100-{박무}{강도0}2400-,130,129.4128,36.9918
2009-11-08,16.5,15.5,17.6,1458.0,52.0,23.5,,,7.55,23.5,,,84.0,89.0,352.0,715.0,0.8,7.0,3.9,50.0,50.0,340.0,740.0,743.0,10.5,0.0,0.33,0.99,1300.0,9.5,6.6,14.6,13.3,15.2,,15.1,14.7,15.1,15.3,15.3,17.5,,,,,,,,16.6,1008.4,1015.0,1013.3,1016.9,1424.0,29.0,1.0,,1.0,-{박무}-{박무}{강도0}0300-{박무}{강도0}0600-0725. {박무}1545-{박무}{강도0}1800-{박무}{강도0}2100-{시정(미만)}{1km}{안개}2150-{시정(이상)}{1km}{박무}2250-{박무}{강도1}2400- {비}0940-{소나기}1120-{비}1155-{비}{강도2}1200-1420. {비}1550-{비}{강도0}1800-1843. {천둥}{강도0}(SW)1125-{뇌전}{강도0}(SW 2~3)1128-1140.,131,127.4407,36.6392
2009-11-08,16.6,15.1,18.0,1501.0,724.0,33.5,,,4.33,33.5,,,76.0,89.3,936.0,794.0,0.9,7.3,3.7,340.0,320.0,320.0,1142.0,1144.0,10.5,0.1,0.57,2.45,1300.0,9.5,6.1,14.7,13.8,16.7,18.6,14.5,15.9,15.8,16.1,15.9,17.0,19.0,20.4,,,,,,16.8,1007.1,1014.5,1012.7,1016.4,1440.0,0.0,,,1.8,{비}0950-{소나기}1020-{비}1130-{비}{강도2}1200-1310. {뇌전}{강도0}(NW 5~6)1035-{뇌전}{강도0}(NW{이동}N 6~7)1050-1110. {비}1445-{비}{강도0}1500-1515. {비}1755-{비}{강도0}1800-1825. {박무}2020-{박무}{강도0}2100-{박무}{강도0}2400-,133,127.3721,36.372
2009-11-08,15.0,11.6,18.4,941.0,414.0,21.5,,,4.33,,,,72.0,89.5,943.0,855.0,1.0,5.4,3.5,140.0,160.0,20.0,921.0,923.0,10.5,0.6,0.92,3.56,900.0,8.9,5.8,13.2,9.8,14.8,,,,,,,,,,,,,,,15.2,986.9,1015.1,1013.0,1017.6,1551.0,18.0,1.3,,,{박무}1045-{박무}{강도0}1200-1440. {비}1050-{비}{강도0}1200-{소나기}1220-{비}1310-{비}{강도0}1500-1510. {천둥}{강도0}(NW)1223-1241. {뇌전}{강도0}(N 4~5)1255-1307. {박무}2025-{박무}{강도2}2100-{시정(미만)}{1km}{안개}2115-{시정(이상)}{1km}{박무}2205-{시정(미만)}{1km}{안개}2240-{시정(이상)}{1km}{박무}2308-{박무}{강도2}2400-,135,127.9946,36.2203
2009-11-08,15.4,11.5,18.3,1201.0,229.0,13.0,,,5.92,13.0,,,73.0,89.8,1156.0,545.0,0.6,5.7,2.7,270.0,200.0,140.0,1432.0,1434.0,10.5,0.0,0.61,2.28,1000.0,9.8,6.4,13.6,8.4,14.7,,14.4,14.6,14.8,14.9,15.1,16.7,,,,,,,,15.7,999.2,1015.8,1014.0,1017.9,1528.0,0.0,,,0.4,{박무}0220-{박무}{강도0}0300-{박무}{강도0}0600-0730. {비}1220-{비}{강도0}1500-1610. {비}1710-1750. {비}1910-1940. {비}2140-2235. {박무}1230-{박무}{강도0}1500-{박무}{강도1}1800-{박무}{강도1}2100-{박무}{강도2}2400-,136,128.7073,36.5729
2009-11-08,20.3,18.1,24.6,1139.0,2330.0,0.5,,,2.83,0.5,,,57.0,78.0,1141.0,1675.0,1.9,11.7,6.9,160.0,180.0,180.0,1436.0,1445.0,10.5,2.8,1.32,6.05,1000.0,9.6,5.3,16.1,14.8,18.8,20.2,18.7,18.6,18.5,18.3,17.8,19.4,18.4,20.6,,,,,,18.3,1015.3,1015.5,1013.6,1018.0,1411.0,0.0,,,3.3,{비}1440-{비}{강도0}1500-1730.,138,129.38,36.032
2009-11-08,17.9,16.1,23.1,1024.0,458.0,11.0,,,5.5,,,,59.0,82.9,1116.0,729.0,0.8,4.9,2.2,250.0,20.0,20.0,1126.0,1624.0,10.5,0.7,1.14,3.78,900.0,8.9,4.9,14.9,10.6,16.4,,,,,,,,,,,,,,,17.0,1008.8,1015.5,1013.5,1018.2,1710.0,0.0,,,,{비}0555-{비}{강도0}0600-0625. {비}1110-{비}{강도0}1200-1250. {비}1330-{비}{강도1}1500-1650. {박무}2140-{박무}{강도0}2400-,143,128.6522,35.8282
2009-11-08,19.3,17.7,21.5,1037.0,2359.0,0.5,,,3.18,0.5,,,66.0,77.5,1558.0,1798.0,2.1,8.5,5.1,140.0,140.0,140.0,712.0,715.0,10.5,0.8,0.4,2.57,1500.0,8.8,6.3,15.2,15.7,17.4,,16.7,16.4,16.3,16.1,16.4,17.9,,,,,,,,17.2,1008.4,1015.6,1013.6,1018.2,1520.0,124.0,,,0.2,{천둥}{강도0}(S)0928. {천둥}{강도0}(SW)1111. {비}0919-{소나기}0925-{비}0940-1021. {비}1040-{소나기}1110-1149. {비}1220-1240. {비}1340-1357. {비}1417-1440.,146,127.155,35.8215
2009-11-08,19.0,16.7,23.8,1129.0,709.0,2.5,,,4.25,,,,57.0,83.4,1144.0,1401.0,1.6,10.7,6.1,180.0,180.0,180.0,1143.0,1146.0,10.5,2.7,,,,9.4,5.4,16.0,13.5,17.9,,,,,,,,,,,,,,,18.1,1011.7,1015.8,1014.3,1018.3,1804.0,0.0,,,,{비}1255-1320. {비}1420-{비}{강도0}1500-1605. {비}1620-1630. {비}1805-1950. {비}2350-{비}{강도0}2400- {박무}1930-{박무}{강도0}2100-2230.,152,129.3203,35.5601
2009-11-08,19.1,17.0,20.7,1000.0,141.0,23.5,,,9.5,,,,73.0,88.3,1611.0,1172.0,1.4,11.5,6.2,160.0,180.0,160.0,1325.0,1331.0,10.5,0.2,,,,9.9,6.3,17.0,12.6,18.6,,,,,,,,,,,,,,,19.4,1011.5,1015.8,1014.1,1018.6,1724.0,0.0,,,,{소나기}0405-{비}0420-0505. {비}0915-0925. {비}1110-{소나기}1125-{비}1135-{비}{강도0}1200-{비}{강도0}1500-1505. {비}1605-1650. {비}1755-{비}{강도0}1800-1955. {비}2035-2055. {비}2240-{비}{강도0}2400- {뇌전}{강도0}(SW 5~6)0405-0415. {뇌전}{강도0}(SE 5~6)1125-1135. {박무}2130-{박무}{강도0}2400-,155,128.5751,35.1671
2009-11-08,18.8,16.8,23.7,938.0,2214.0,9.0,,,5.83,,,,66.0,87.8,1238.0,1877.0,2.2,10.0,5.0,230.0,200.0,180.0,1059.0,1046.0,10.5,0.2,0.94,3.6,1200.0,8.6,6.4,16.6,14.0,17.4,,,,,,,,,,,,,,,18.9,1006.6,1015.3,1013.6,1018.2,1624.0,6.0,,,,{비}1016-1055. {비}1310-{비}{강도0}1500-1548. {비}1655-{비}{강도0}1800-1928. {박무}1330-{박무}{강도0}1500-1540. {박무}1830-1925.,156,126.8916,35.1729
2009-11-08,19.0,17.5,21.8,1033.0,2054.0,25.5,,,7.08,30.0,,,74.0,90.6,1258.0,3511.0,4.1,12.0,8.1,200.0,200.0,230.0,1334.0,1347.0,10.5,0.3,1.23,3.95,1000.0,9.6,6.8,17.4,14.7,16.6,19.7,18.7,18.8,18.4,18.2,18.2,19.4,19.0,20.0,,,,,,19.8,1008.0,1016.1,1014.6,1018.7,2341.0,6.0,,,1.6,{박무}0540-{박무}{강도0}0600-{박무}{강도0}0900-1130. {박무}1415-{박무}{강도0}1500-1555. {비}1403-{비}{강도1}1500-1627. {비}1919-{비}{강도1}2100-{비}{강도1}2400-,159,129.032,35.1047
2009-11-08,18.9,16.7,21.0,1411.0,0.0,2.0,,,5.92,,,,81.0,94.3,1456.0,2467.0,2.9,16.0,9.7,180.0,180.0,160.0,1231.0,1230.0,10.6,0.6,,,,8.6,5.8,17.8,14.9,19.1,,,,,,,,,,,,,,,20.4,1012.0,1015.6,1014.2,1018.5,2348.0,0.0,,,,{박무}0530-{박무}{강도0}0600-0840. {박무}2120-{박무}{강도0}2400- {비}0810-0830. {비}1205-1220. {비}1650-{비}{강도0}1800-1910. {비}2030-{비}{강도0}2100-2330.,162,128.4356,34.8454
2009-11-08,18.3,16.8,20.0,1004.0,1424.0,9.0,,,5.75,8.0,,,79.0,94.0,1004.0,2173.0,2.5,11.6,7.3,180.0,180.0,160.0,814.0,816.0,10.6,0.1,0.71,3.09,900.0,8.6,5.9,17.3,15.4,17.4,19.3,17.1,17.5,17.3,17.5,17.8,18.1,20.2,20.2,,,,,,19.7,1010.0,1014.4,1013.1,1017.3,824.0,5.0,,,0.6,{비}0735-0850. {비}1110-{비}{강도0}1200-1250. {비}1310-{비}{강도1}1500-1535. {비}1710-1735.,165,126.3812,34.8169
2009-11-08,18.3,17.4,19.9,1425.0,1756.0,11.5,,,9.08,10.6,,,76.0,90.3,1259.0,1877.0,2.2,14.3,9.8,200.0,200.0,50.0,935.0,940.0,10.6,0.2,,,,8.8,5.6,16.7,16.3,18.1,20.3,17.7,16.8,17.5,17.0,18.4,18.6,19.5,20.6,,,,,,19.0,1008.0,1016.6,1015.1,1019.3,1942.0,0.0,,,0.5,{뇌전}{강도0}(W 5~6)0848-{뇌전}{강도0}(W 5~6)0900-0908. {소나기}0845-{소나기}{강도0}0900-{비}0946-1115. {비}1335-1345. {비}1640-{비}{강도0}1800-1925. {비}2020-{비}{강도0}2100-{비}{강도0}2400- {박무}0813-{박무}{강도0}0900-1028. {박무}1947-{박무}{강도0}2100-{박무}{강도0}2400-,168,127.7406,34.7393
2009-11-08,17.5,16.1,19.6,337.0,649.0,9.0,,,4.2,,,,89.0,92.9,403.0,5454.0,6.3,20.0,14.8,160.0,160.0,160.0,834.0,726.0,10.6,0.1,0.89,3.82,1100.0,8.3,5.1,16.3,16.0,18.1,,,,,,,,,,,,,,,18.5,1004.7,1012.7,1011.2,1015.4,653.0,0.0,,,,{비}0456-{소나기}0548-{소나기}{강도0}0600-{비}0635-0748. {비}1019-1115. {비}1745-{비}{강도0}1800-1809. {박무}0519-{박무}{강도0}0600-{박무}{강도0}0900-1125. {박무}1635-{박무}{강도0}1800-{박무}{강도0}2100-{박무}{강도1}2400- {뇌전}{강도0}(SW 7~8)0552-{뇌전}{강도0}(SW 7~8)0600-{뇌전}{강도0}(SW{이동}W 7~8)0621-0629. {폭풍}0724-0732.,169,125.4511,34.6872
2009-11-08,18.0,15.6,22.7,1350.0,521.0,3.5,,,5.42,,,,70.0,89.6,1330.0,1528.0,1.8,8.5,5.4,110.0,110.0,90.0,926.0,932.0,10.6,0.8,,,,8.5,6.1,16.2,11.4,18.9,,,,,,,,,,,,,,,18.4,1010.9,1014.2,1012.7,1017.2,1449.0,18.0,2.17,,,-{박무}-{박무}{강도0}0300-{시정(미만)}{1km}{안개}0520-{안개}{강도0}0600-{시정(이상)}{1km}{박무}0730-{박무}{강도0}0900-0925. {비}1136-1145. {비}1408-1422. {비}1545-1745. {비}1846-{비}{강도0}2100-2148.,170,126.7018,34.3959
2009-11-08,16.5,15.7,19.7,1309.0,908.0,1.5,,,4.37,,,,76.0,92.8,1309.0,4705.0,5.4,16.6,9.2,250.0,180.0,180.0,952.0,900.0,10.6,0.1,,,,7.8,6.3,15.3,14.6,16.6,,,,,,,,,,,,,,,17.4,959.5,1014.1,1012.8,1017.2,1454.0,10.0,,,,{비}0745-{비}{강도0}0900-0918. {비}1456-{비}{강도0}1500-1745. {박무}1516-{박무}{강도0}1800-1845.,175,126.3238,34.4721
2009-11-08,19.7,18.4,22.3,1326.0,2114.0,11.0,,,7.17,8.0,,,49.0,75.1,1136.0,1750.0,2.0,11.2,6.1,160.0,340.0,160.0,1040.0,1319.0,10.6,0.4,1.18,3.55,1300.0,10.0,5.8,15.0,15.8,18.0,20.6,19.0,19.3,20.0,19.7,20.0,20.4,21.1,21.4,,,,,,17.1,1011.8,1014.1,1012.2,1017.7,1511.0,18.0,,0.9,1.7,{비}0734-{비}{강도0}0900-1040. {비}1711-1750. {소나기}1955-{소나기}{강도0}2100-2120. {소나기}2150-2350. {뇌전}{강도0}(NW 7~8)1915-{뇌전}{강도1}(NW{이동}N 4~5)1940-{뇌전}{강도1}(N 5~6)2020-{뇌전}{강도0}(N 5~6)2100-2115. {뇌전}{강도0}(NW 6~7)2145-{뇌전}{강도0}(NW{이동}N 5~6)2210-{뇌전}{강도0}(N 6~7)2240-2320.,184,126.5297,33.5141
2009-11-08,18.5,16.2,21.5,238.0,2059.0,86.0,,,14.83,,,,76.0,87.8,646.0,5831.0,6.7,17.0,12.7,160.0,160.0,110.0,616.0,624.0,10.6,0.5,1.35,3.25,1200.0,9.6,7.0,16.4,16.0,18.4,,,,,,,,,,,,,,,18.6,1006.1,1014.4,1012.8,1017.6,1816.0,15.0,,,,{비}0340-0346. {비}0405-0446. {비}0542-{비}{강도0}0600-{비}{강도0}0900-{비}{강도0}1200-1208. {소나기}1317-{소나기}{강도0}1500-1530.{소나기}1823-{비}1945-{비}{강도0}2100-2347. {박무}0645-{박무}{강도0}0900-0945. {박무}1435-{박무}{강도0}1500-1527. {박무}1825-{박무}{강도0}2100-2320. {천둥}{강도0}(SW)1302-{뇌전}{강도0}(SW 6~8)1311-{뇌전}{강도0}(SW{이동}S 6~8)1325-{뇌전}{강도0}(S 3~4)1337-1350.{뇌전}{강도0}(S 3~4)1450-{뇌전}{강도0}(S 3~4)1500-{뇌전}{강도0}(S{이동}SE 3~4)1512-{뇌전}{강도0}(SE 5~7)1522-1530.{천둥}{강도0}(W)1824-1838.{뇌전}{강도0}(W 3~5)1855-{뇌전}{강도0}(W{이동}SW 4~6)1907-{뇌전}{강도0}(SW 4~6)1919-{뇌전}{강도0}(SW{이동}S 4~6)1930-{뇌전}{강도0}(S 5~7)1941-1955. {무지개}1555-1615.,185,126.1628,33.2938
2009-11-08,17.5,16.2,20.1,543.0,1817.0,22.5,,,11.67,,,,77.0,86.1,553.0,3017.0,3.5,11.3,6.9,160.0,180.0,180.0,740.0,747.0,10.6,0.0,,,,9.6,6.5,15.1,16.0,17.8,,,,,,,,,,,,,,,17.1,1013.1,1015.2,1013.4,1017.6,1513.0,0.0,,,,{박무}0726-0852. {비}0621-0846. {비}0912-1123. {비}1147-{비}{강도0}1200-1235. {비}1436-{비}{강도0}1500-1704. {비}2012-{소나기}2020-{소나기}{강도0}2100-{비}2120-{비}{강도0}2400- {번개}(SW)1735. {번개}(SW)1750. {번개}(SW)2015. {번개}(S)2120. {천둥}{강도0}(SW)1835-{뇌전}{강도0}(SW 7~8)1840-1852. {천둥}{강도0}(SW)2025-{뇌전}{강도0}(SW 7~8)2032-{뇌전}{강도0}(SW 3~4)2110-{뇌전}{강도0}(SW{이동}S 5~6)2130-{뇌전}{강도0}(S 3~4)2145-2215. {천둥}{강도0}(SE)2240-{뇌전}{강도0}(SE 3~4)2245-{뇌전}{강도0}(SE 7~8)2255-2325.,188,126.8802,33.3868
2009-11-08,19.3,17.5,22.2,21.0,2225.0,97.5,,,21.58,89.0,,,74.0,87.8,217.0,1518.0,1.8,8.1,4.7,200.0,200.0,320.0,644.0,657.0,10.6,0.0,,,,10.0,6.3,17.1,17.4,19.2,,19.2,19.2,19.7,20.0,20.6,22.0,,,,,,,,19.6,1009.7,1015.6,1013.5,1018.2,1457.0,18.0,,0.5,0.8,{비}0217-{비}{강도0}0300-0357. {비}0405-{비}{강도0}0600-{비}{강도0}0900-{비}{강도0}1200-{소나기}1344-{비}1350-{비}{강도0}1500-{소나기}1522-{비}1531-{소나기}1605-{비}1625-{비}{강도0}1800-{비}{강도2}2100-{비}{강도1}2400- {박무}0610-{박무}{강도0}0900-0940. {천둥}{강도0}(SW)1344-1349. {뇌전}{강도0}(SE 6-7)1522-1531. {천둥}{강도0}(SW)1605-1625. {뇌전}{강도0}(W 6-7)1920-2025. {뇌전}{강도0}(SE 6-7)2045-{뇌전}{강도1}(SE 6-7)2100-2225.,189,126.5653,33.2461
2009-11-08,17.0,13.7,20.1,1148.0,642.0,7.5,,,7.03,7.5,,,76.0,88.6,1503.0,708.0,0.8,6.7,3.7,110.0,110.0,270.0,1717.0,1637.0,10.5,0.0,0.77,3.27,1100.0,9.0,6.1,15.0,12.3,17.1,,16.8,16.9,17.2,17.1,18.0,19.0,,,,,,,,17.1,1012.3,1015.5,1013.5,1018.3,1721.0,0.0,1.92,,0.5,{박무}0210-{박무}{강도0}0300-{박무}{강도0}0600-{시정(미만)}{1km}{안개}0720-{시정(미만)}{0.5km}{안개}0725-{시정(이상)}{0.5km}{안개}0840-{안개}{강도0}0900-{시정(이상)}{1km}{박무}0915-1030. {비}0342-0355. {비}0950-1045. {소나기}1216-1235. {비}1430-{비}{강도0}1500-{비}{강도0}1800-1845. {천둥}{강도0}(S)1215-{천둥}{강도0}(S{이동}SE)1219-1230. {박무}1920-{박무}{강도1}2100-{박무}{강도1}2400- {비}2145-2305.,192,128.04,35.1638
2009-11-08,15.5,13.5,19.2,1305.0,117.0,34.0,,,,,,,79.0,93.1,1409.0,847.0,1.0,8.2,4.8,320.0,230.0,290.0,141.0,1223.0,10.4,0.3,,,,,,14.4,11.8,15.0,,,,,,,,,,,,,,,16.4,1009.7,1015.4,1013.3,1017.4,1227.0,636.0,,,,,202,127.4945,37.4886
2009-11-08,14.9,13.3,17.0,1323.0,48.0,57.0,,,11.83,,,,83.0,91.0,1327.0,772.0,0.9,6.0,3.7,90.0,90.0,70.0,1153.0,1145.0,10.4,0.0,,,,9.9,7.8,13.4,12.0,14.9,,,,,,,,,,,,,,,15.4,1006.2,1016.9,1014.9,1019.0,1240.0,624.0,0.17,,,-{박무}-{박무}{강도0}0300-{박무}{강도1}0600-{박무}{강도0}0900-{박무}{강도1}1200-1220. {박무}1435-{박무}{강도0}1500-{박무}{강도0}1800-{박무}{강도2}2100-{시정(미만)}{1km}{안개}2350-{안개}{강도0}2400- {비}0250-{비}{강도0}0300-{소나기}0320-{비}0445-{소나기}0540-{소나기}{강도1}0600-{비}0630-{비}{강도0}0900- {비}{강도1}1200-1245. {비}1440-{비}{강도0}1500-1540. {비}1845-1940. {천둥}{강도0}(NW)0315. {뇌전}{강도0}(NW 6~7)0317-{뇌전}{강도0}(NW 4~5)0320-{뇌전}{강도2}(NW{이동}Z 1)0322-{뇌전}{강도1}(Z{이동}SE 1~2)0340-{뇌전}{강도1}(SE 3~4)0415-{뇌전}{강도0}(SE 6~7)0440. {뇌전}{강도0}(W 4~5)0535-{뇌전}{강도1}(W 2~3)0548-{뇌전}{강도1}(W 2~3)0600-{뇌전}{강도1}(W{이동}Z 1)0605-{뇌전}{강도1}(Z{이동}E 1~2)0625-0635.,203,127.4842,37.264
2009-11-08,14.4,13.2,15.8,1520.0,218.0,19.5,,,,,,,86.0,94.0,0.0,408.0,0.5,5.0,2.9,180.0,180.0,70.0,440.0,446.0,10.4,0.0,,,,,,13.4,11.0,14.0,,,,,,,,,,,,,,,15.4,992.4,1015.8,1014.1,1017.8,1415.0,749.0,,,,,211,128.1671,38.0599
2009-11-08,14.9,13.3,17.3,1359.0,414.0,21.0,,,,,,,84.0,92.5,1400.0,349.0,0.4,5.4,3.1,90.0,90.0,90.0,1246.0,1241.0,10.4,0.0,,,,,,13.6,11.4,14.4,,,,,,,,,,,,,,,15.6,999.2,1016.5,1014.4,1018.6,1249.0,714.0,,,,,212,127.8804,37.6836
2009-11-08,14.2,11.0,16.8,8.0,2353.0,11.0,,,,,,,68.0,84.9,1.0,1227.0,1.4,8.6,4.6,230.0,200.0,230.0,257.0,257.0,10.4,0.0,,,,,,11.6,6.7,13.2,,,,,,,,,,,,,,,13.7,933.7,1015.1,1013.4,1017.4,1530.0,737.0,,,,,216,128.9893,37.1704
2009-11-08,13.8,11.2,15.7,1448.0,318.0,24.0,,,,,,,84.0,91.3,552.0,687.0,0.8,6.7,3.2,360.0,70.0,20.0,531.0,1418.0,10.4,0.0,,,,,,12.4,9.4,13.4,,,,,,,,,,,,,,,14.4,984.9,1015.9,1013.8,1018.0,1430.0,0.0,,,,,221,128.1943,37.1593
2009-11-08,14.5,11.8,16.8,1536.0,645.0,23.5,,,,,,,81.0,94.3,955.0,494.0,0.6,6.2,3.6,320.0,320.0,340.0,1219.0,1220.0,10.5,0.0,,,,,,13.6,9.0,14.2,,,,,,,,,,,,,,,15.6,994.9,1015.4,1013.6,1017.7,1535.0,0.0,,,,,226,127.7342,36.4876
2009-11-08,17.0,15.2,19.5,250.0,621.0,19.0,,,8.67,,,,72.0,89.1,245.0,1179.0,1.4,6.8,4.4,160.0,160.0,140.0,1055.0,1058.0,10.4,0.0,,,,9.4,7.9,15.1,12.5,15.5,,,,,,,,,,,,,,,17.2,1011.9,1014.4,1012.9,1016.4,1317.0,9.0,,,,{비}0250-{비}{강도0}0300-{비}{강도0}0600-0710. {비}0840-{비}{강도0}0900-{비}{강도1}1200-1240. {비}1920-1940. {박무}0330-{박무}{강도0}0600-0715. {박무}2020-{박무}{강도0}2100-{박무}{강도0}2400- {천둥}{강도0}(W)0827. {천둥}{강도0}(W)0845-0855. {뇌전}{강도0}(SW 4~5)0928-{천둥}{강도0}(SW)0943-{뇌전}{강도1}(SW 3~4)1006-{천둥}{강도0}(SW)1018-1043. {뇌전}{강도0}(SW 2~3)1105-{뇌전}{강도1}(SW{이동}Z 1~2)1112-1130.,232,127.1213,36.7796
2009-11-08,18.7,16.1,21.3,322.0,1119.0,43.0,,,5.92,,,,63.0,84.0,5.0,2203.0,2.5,9.6,6.4,200.0,200.0,200.0,319.0,1214.0,10.5,0.3,,,,9.5,6.5,15.8,15.0,18.1,,,,,,,,,,,,,,,18.0,1012.4,1014.5,1013.2,1017.0,1418.0,0.0,,,,{비}0010-0030. {비}0210-0225. {비}0715-{소나기}0720-{소나기}{강도1}0900-{비}0915-{소나기}1010-{비}1042-1140. {비}1205-1240. {비}1515-1535. {박무}1740-{박무}{강도0}1800-{박무}{강도0}2100-2125. {천둥}{강도0}(SW)0730-{뇌전}{강도0}(SW 7~8)0745-{뇌전}{강도1}(SW{이동}W 3~4)0805-{뇌전}{강도1}(W 2~3)0820-{뇌전}{강도1}(W{이동}NW 3~4)0835-0842. {뇌전}{강도1}(SW 5~6)1020-{뇌전}{강도1}(SW 2~3)1035-1038.,235,126.5574,36.3272
2009-11-08,16.9,14.5,19.7,1535.0,651.0,35.5,,,,,,,82.0,90.5,1509.0,679.0,0.8,8.6,3.4,250.0,270.0,50.0,957.0,957.0,10.5,0.0,,,,,,15.3,12.2,16.7,,,,,,,,,,,,,,,17.4,1013.5,1014.8,1013.2,1017.4,1411.0,4.0,,,,,236,126.9208,36.2724
2009-11-08,15.5,12.5,18.7,940.0,611.0,7.5,,,,,,,67.0,87.5,1003.0,620.0,0.7,5.8,3.1,290.0,90.0,90.0,1144.0,1410.0,10.5,0.3,,,,,,13.4,9.9,15.5,,,,,,,,,,,,,,,15.4,995.0,1015.1,1013.0,1017.5,1423.0,0.0,,,,,238,127.4818,36.1056
2009-11-08,18.0,15.3,21.1,1048.0,2356.0,2.0,,,,,,,73.0,84.0,1117.0,1696.0,2.0,8.8,6.7,200.0,200.0,140.0,1411.0,1412.0,10.5,0.8,,,,,,15.1,12.3,16.3,,,,,,,,,,,,,,,17.2,1013.2,1013.6,1011.8,1016.4,1426.0,8.0,,,,,243,126.7166,35.7296
2009-11-08,16.1,12.6,20.4,951.0,502.0,8.5,,,,,,,73.0,89.1,951.0,1105.0,1.3,8.2,5.0,200.0,200.0,180.0,1428.0,1432.0,10.5,0.4,,,,,,14.2,10.3,15.3,,,,,,,,,,,,,,,16.3,986.4,1015.3,1013.3,1018.3,1604.0,146.0,,,,,244,127.2856,35.612
2009-11-08,18.6,15.9,22.5,958.0,2006.0,2.5,,,3.7,,,,63.0,80.0,4.0,923.0,1.1,7.1,3.6,200.0,200.0,200.0,1044.0,1044.0,10.5,0.3,,,,9.1,6.6,14.9,11.4,16.6,,,,,,,,,,,,,,,17.0,1009.4,1014.0,1011.9,1016.7,1433.0,4.0,,,,{비}0820-{비}{강도0}0900-0915. {비}1008-1025. {비}1050-1115. {비}1240-1310. {비}1335-{비}{강도0}1500-1510. {박무}2030-{박무}{강도0}2100-{박무}{강도1}2400-,245,126.8661,35.5632
2009-11-08,15.0,10.8,20.6,1054.0,622.0,10.0,,,5.45,,,,70.0,95.1,1054.0,1119.0,1.3,7.3,5.4,160.0,160.0,340.0,948.0,952.0,10.5,0.2,,,,8.4,7.4,14.1,9.2,14.0,,,,,,,,,,,,,,,16.2,1004.7,1015.8,1013.9,1018.6,1553.0,0.0,2.33,,,{박무}0611-0831. {비}1112-{비}{강도0}1200-{비}{강도1}1500-1609. {비}1820-1850. {박무}2013-{박무}{강도0}2100-{시정(미만)}{1km}{안개}2125-{시정(미만)}{0.5km}{안개}2145-{시정(이상)}{0.5km}{안개}2315-{시정(이상)}{1km}{박무}2345-{박무}{강도1}2400-,247,127.333,35.4054
2009-11-08,16.1,12.8,19.8,956.0,2227.0,17.0,,,,,,,64.0,83.5,1006.0,1376.0,1.6,8.3,5.2,250.0,250.0,180.0,1557.0,1601.0,10.5,0.8,,,,,,13.2,11.2,14.6,,,,,,,,,,,,,,,15.2,968.1,1015.0,1012.8,1017.5,1540.0,4.0,,,,,248,127.5203,35.657
2009-11-08,19.5,16.6,22.6,1140.0,2000.0,4.0,,,2.08,,,,61.0,78.4,1234.0,2201.0,2.5,7.2,5.0,140.0,110.0,140.0,1416.0,1424.0,10.6,0.0,0.53,2.22,1100.0,7.6,5.8,15.5,13.7,16.9,,16.8,16.6,16.2,16.1,,,,,,,,,,17.6,1007.7,1014.0,1011.8,1016.9,1421.0,0.0,,,,{달코로나}0544-0617. {비}0803-0806. {비}1028-1039. {비}1315-1459. {비}1520-1527.,251,126.697,35.4266
2009-11-08,18.6,16.4,22.5,1139.0,2118.0,5.5,,,,,,,61.0,83.4,1153.0,2331.0,2.7,10.6,7.0,140.0,160.0,140.0,1405.0,1408.0,10.5,0.2,1.5,3.71,1100.0,,,15.5,14.7,16.8,,16.9,16.7,16.7,16.4,,,,,,,,,,17.7,1010.1,1014.5,1012.6,1017.3,1411.0,3.0,,,,,252,126.4778,35.2837
2009-11-08,20.3,18.6,23.1,1036.0,511.0,9.5,,,,,,,78.0,90.8,1337.0,1889.0,2.2,9.4,5.9,160.0,160.0,110.0,1341.0,1249.0,10.5,0.1,0.84,2.91,1000.0,,,18.6,17.6,19.6,,20.1,19.0,18.8,19.9,,,,,,,,,,21.5,1009.7,1016.7,1015.1,1019.3,1754.0,0.0,,,,,253,128.8908,35.2298
2009-11-08,15.8,12.4,21.7,1052.0,655.0,11.0,,,,,,,69.0,98.9,1103.0,1204.0,1.4,8.7,5.6,270.0,270.0,270.0,1428.0,1432.0,10.5,0.2,0.7,3.34,900.0,,,15.6,11.6,15.5,,16.0,16.2,16.1,16.0,,,,,,,,,,17.8,1000.4,1015.4,1013.6,1018.3,1531.0,0.0,,,,,254,127.1286,35.3713
2009-11-08,18.8,17.6,21.7,1008.0,2253.0,13.0,,,,,,,75.0,96.3,1005.0,989.0,1.1,9.7,3.9,230.0,200.0,180.0,1325.0,1327.0,10.5,0.2,0.69,3.1,900.0,,,18.1,15.3,19.5,,17.5,17.3,17.0,16.6,,,,,,,,,,20.8,1010.1,1015.6,1013.9,1018.3,1729.0,0.0,,,,,255,128.6725,35.2264
2009-11-08,16.8,13.5,20.9,1109.0,648.0,13.5,,,7.33,10.0,,,79.0,93.3,1242.0,564.0,0.7,5.2,3.8,160.0,160.0,140.0,1606.0,1612.0,10.5,0.0,,,,8.8,6.6,15.7,12.2,16.4,,16.5,15.9,15.7,15.5,15.8,16.2,,,,,,,,17.8,1006.8,1015.5,1013.5,1018.4,1614.0,0.0,0.33,,0.8,-{박무}-{박무}{강도0}0300-{박무}{강도0}0600-{박무}{강도0}0900-{박무}{강도0}1200-{박무}{강도0}1500-{박무}{강도0}1800-{박무}{강도0}2100-{시정(미만)}{1km}{안개}2340-{안개}{강도0}2400- {소나기}0815-{소나기}{강도1}0900-0925. {비}1240-{비}{강도0}1500-{비}{강도0}1800-1810. {비}2035-{비}{강도0}2100-2115. {천둥}{강도0}(SW)0833-0840.,256,127.2391,35.075
2009-11-08,18.3,15.9,22.3,1114.0,207.0,15.0,,,,,,,73.0,90.3,1130.0,1340.0,1.6,9.7,7.0,250.0,250.0,230.0,1359.0,1405.0,10.5,0.4,1.19,3.28,1000.0,,,16.6,12.3,17.6,,17.0,17.0,17.0,16.9,,,,,,,,,,18.9,1015.4,1017.1,1015.6,1019.8,1757.0,0.0,,,,,257,129.0201,35.3074
2009-11-08,18.4,15.3,22.2,1202.0,619.0,1.5,,,,,,,69.0,86.5,1259.0,1564.0,1.8,8.3,5.8,160.0,160.0,160.0,900.0,909.0,10.6,0.0,,,,,,16.0,12.0,17.5,,,,,,,,,,,,,,,18.3,1009.8,1015.0,1014.0,1017.9,1535.0,27.0,,,,,260,126.9195,34.6889
2009-11-08,19.1,15.6,23.6,1336.0,325.0,1.5,,,,,,,62.0,84.4,1343.0,1599.0,1.9,8.0,5.5,230.0,200.0,90.0,843.0,855.0,10.6,0.2,,,,,,16.3,12.5,16.5,,,,,,,,,,,,,,,18.5,1013.1,1013.6,1012.3,1016.5,1517.0,24.0,,,,,261,126.5691,34.5538
2009-11-08,19.2,16.1,24.2,1132.0,507.0,11.5,,,,,,,50.0,80.9,1158.0,1485.0,1.7,8.8,5.4,200.0,200.0,200.0,1214.0,1201.0,10.6,1.1,,,,,,15.5,13.3,18.2,,,,,,,,,,,,,,,17.7,1009.2,1015.4,1014.0,1018.1,1944.0,0.0,,,,,262,127.2757,34.6182
2009-11-08,12.9,8.8,16.6,1226.0,247.0,13.5,,,,,,,76.0,92.5,1230.0,289.0,0.3,2.2,1.3,180.0,50.0,360.0,1359.0,1348.0,10.4,0.0,,,,,,11.6,6.7,12.0,,,,,,,,,,,,,,,13.8,978.1,1015.9,1014.0,1018.7,1503.0,0.0,,,,,271,128.9145,36.9436
2009-11-08,14.6,11.6,16.9,1146.0,304.0,30.5,,,,,,,78.0,89.5,1049.0,748.0,0.9,4.2,2.7,290.0,230.0,320.0,635.0,1445.0,10.4,0.0,,,,,,12.8,10.3,13.5,,,,,,,,,,,,,,,14.9,990.9,1015.8,1014.0,1018.0,1445.0,0.0,,,,,272,128.5169,36.8718
2009-11-08,14.5,12.1,17.3,1059.0,220.0,38.0,,,,,,,74.0,92.9,1056.0,603.0,0.7,5.2,2.7,270.0,270.0,320.0,1314.0,1319.0,10.4,0.0,,,,,,13.3,8.4,14.3,,,,,,,,,,,,,,,15.3,995.6,1015.8,1014.0,1017.8,1339.0,0.0,,,,,273,128.1488,36.6273
2009-11-08,18.1,14.3,24.4,1142.0,53.0,17.5,,,,,,,54.0,82.1,1018.0,1207.0,1.4,7.0,4.0,140.0,160.0,160.0,1136.0,1137.0,10.5,1.3,,,,,,14.7,9.8,16.8,,,,,,,,,,,,,,,16.8,1010.5,1015.4,1013.8,1017.0,1707.0,809.0,,,,,277,129.4093,36.5334
2009-11-08,15.7,10.5,21.2,1132.0,641.0,17.5,,,,,,,67.0,89.5,1046.0,431.0,0.5,4.5,2.6,20.0,340.0,20.0,950.0,1100.0,10.5,0.1,,,,,,13.9,7.8,14.8,,,,,,,,,,,,,,,16.1,1006.0,1015.8,1013.7,1018.3,1528.0,1.0,,,,,278,128.6886,36.3561
2009-11-08,16.5,12.3,21.1,1049.0,553.0,13.5,,,4.92,,,,70.0,88.0,954.0,679.0,0.8,6.8,3.7,290.0,270.0,290.0,1443.0,1443.0,10.5,0.2,,,,9.9,4.9,14.4,9.8,15.8,,,,,,,,,,,,,,,16.6,1009.8,1015.4,1013.5,1017.8,1239.0,1.0,,,,{박무}0630-0840. {박무}1320-{박무}{강도0}1500-1530. {박무}1740-{박무}{강도0}1800-{박무}{강도0}2100-{박무}{강도0}2400- {비}1045-{비}{강도0}1200-{비}{강도1}1500-1540.,279,128.3206,36.1306
2009-11-08,16.7,12.7,23.5,1115.0,528.0,6.0,,,,,,,56.0,83.9,1113.0,730.0,0.8,6.1,3.3,320.0,270.0,50.0,1142.0,1145.0,10.5,1.4,,,,,,13.8,9.8,16.9,,,,,,,,,,,,,,,15.9,1004.6,1015.6,1013.5,1018.2,1341.0,0.0,,,,,281,128.9514,35.9774
2009-11-08,14.3,10.2,17.9,1308.0,657.0,12.0,,,5.67,,,,88.0,95.8,0.0,578.0,0.7,5.1,3.3,320.0,340.0,140.0,1422.0,1424.0,10.5,0.1,,,,8.5,6.9,13.6,5.5,13.1,,,,,,,,,,,,,,,15.7,989.9,1016.0,1013.0,1018.9,1616.0,0.0,2.67,,,{박무}0350-{박무}{강도0}0600-{박무}{강도0}0900-1140. {비}0435-0505. {비}0950-1110. {비}1250-{비}{강도0}1500-1640. {박무}1750-{박무}{강도0}1800-{박무}{강도1}2100-{시정(미만)}{1km}{안개}2120-{시정(미만)}{0.5km}{안개}2140-{안개}{강도1}2400-,284,127.911,35.6712
2009-11-08,17.0,14.8,20.3,1355.0,29.0,11.5,,,,,,,76.0,89.6,1538.0,782.0,0.9,7.7,4.1,200.0,180.0,200.0,1302.0,1621.0,10.5,0.0,,,,,,15.2,11.8,17.4,,,,,,,,,,,,,,,17.3,1011.9,1015.8,1013.0,1018.4,1635.0,0.0,,,,,285,128.1699,35.5651
2009-11-08,17.9,15.3,22.1,1125.0,2120.0,39.0,,,9.5,39.0,,,54.0,81.5,1051.0,3004.0,3.5,14.3,7.3,250.0,250.0,250.0,523.0,517.0,10.4,1.0,,,,9.3,4.8,14.4,12.5,18.3,16.3,15.1,14.8,14.1,14.2,14.7,16.1,14.5,16.3,,,,,,16.5,989.5,1015.1,1013.2,1016.3,2346.0,1833.0,1.0,,1.2,{비}0910-0930. {비}1420-{비}{강도0}1500-{비}{강도1}1800-{비}{강도0}2100-2330. {박무}1610-{박무}{강도0}1800-{박무}{강도0}2100-{시정(미만)}{1km}{안개}2230-{시정(이상)}{1km}{박무}2330-2350. {뇌전}{강도0}(NW 5-6)1638-{뇌전}{강도0}(NW{이동}N 4-5)1647-{뇌전}{강도0}(N{이동}NE 7-8)1655-1705. {뇌전}{강도0}(SW 3-4)1656-{뇌전}{강도0}(SW{이동}S 4-5)1705-{뇌전}{강도0}(S{이동}SE 5-6)1708-1720.,115,130.8986,37.4813
2009-11-08,14.0,10.8,16.9,1016.0,541.0,14.0,,,3.25,,,,71.0,90.5,1017.0,641.0,0.7,5.6,2.7,290.0,290.0,180.0,1313.0,1318.0,10.5,0.3,,,,9.6,6.4,12.4,8.9,13.9,,,,,,,,,,,,,,,14.5,1004.2,1015.9,1014.0,1018.0,1407.0,0.0,2.67,,,{비}1055-{비}{강도0}1200-{소나기}1320-{비}1340-1410. {천둥}{강도0}(NE)1254. {뇌전}{강도0}(NE 7-8)1326-1335. {박무}1110-{박무}{강도0}1200-1355. {박무}1520-{박무}{강도0}1800-{박무}{강도1}2100- {시정(미만)}{1km}{안개}2120-{시정(미만)}{0.5km}{안개}2155-{안개}{강도1}2400-,137,128.1574,36.4084
2009-11-08,18.2,15.8,20.5,1532.0,2330.0,17.5,,,3.28,,,,79.0,90.3,46.0,2082.0,2.4,11.2,6.7,340.0,340.0,200.0,1113.0,1120.0,10.5,1.3,,,,8.8,7.0,16.5,14.0,17.0,,,,,,,,,,,,,,,18.8,1011.7,1014.9,1013.0,1017.9,1425.0,0.0,0.43,,,{비}0003-0018. {비}0829-{비}{강도0}0900-{소나기}0927-{비}0950-0955. {비}1031-{비}{강도0}1200-1207. {박무}0907-{시정(미만)}{1km}{안개}0927-{시정(이상)}{1km}{박무}0953-{박무}{강도0}1200-1237. {박무}2324-{박무}{강도0}2400- {뇌전}{강도0}(SW 5~6)0930-{뇌전}{강도1}(SW 2~3)0934-0945.,140,126.7614,36.0053
2009-11-08,16.3,12.7,20.6,1330.0,2358.0,45.0,,,,,,,68.0,88.3,1339.0,1500.0,1.7,11.4,6.8,230.0,230.0,50.0,156.0,158.0,10.4,1.2,,,,,,14.2,6.3,16.5,,,,,,,,,,,,,,,16.2,1009.2,1014.6,1012.8,1016.2,1437.0,316.0,,,,,201,126.4463,37.7074
2009-11-08,17.2,13.3,22.0,1143.0,447.0,14.5,,,,,,,70.0,88.6,1129.0,951.0,1.1,10.1,5.4,160.0,180.0,160.0,1426.0,1433.0,10.5,0.0,,,,,,15.2,11.4,16.6,,,,,,,,,,,,,,,17.3,1014.6,1015.9,1013.6,1018.9,1725.0,0.0,,,,,288,128.7441,35.4915
2009-11-08,16.5,13.0,21.3,1158.0,627.0,10.0,,,,,,,62.0,87.3,1435.0,903.0,1.0,8.5,4.4,90.0,70.0,320.0,1605.0,1607.0,10.5,0.1,,,,,,14.2,11.1,15.3,,,,,,,,,,,,,,,16.2,999.4,1015.7,1012.9,1018.6,1642.0,0.0,,,,,289,127.8791,35.413
2009-11-08,19.9,17.8,23.2,927.0,2352.0,15.5,,,,,,,62.0,83.4,928.0,1748.0,2.0,12.6,6.5,160.0,110.0,320.0,1248.0,1312.0,10.6,0.5,,,,,,16.9,17.6,20.1,,,,,,,,,,,,,,,19.2,1010.4,1015.6,1014.2,1018.2,1335.0,0.0,,,,,294,128.6046,34.8882
2009-11-08,19.6,17.3,21.9,1339.0,451.0,16.0,,,,,,,65.0,85.3,1331.0,1568.0,1.8,10.0,4.8,140.0,160.0,180.0,1100.0,1106.0,10.6,0.3,,,,,,17.0,15.5,19.2,,,,,,,,,,,,,,,19.3,1010.3,1015.4,1013.8,1018.3,1816.0,0.0,,,,,295,127.9264,34.8166
