dt,ta,tn,tn_at,tx,tx_at,rn,rx_1hr,rx_1hr_at,wx,wx_at,wa,wd_wx,nmin,code,x,y
2021-01-01,-5.5,-12.1,2020-12-31 22:10:00+00:00,-0.6,2021-01-01 04:31:00+00:00,1.0,,,5.1,2021-01-01 04:11:00+00:00,0.6,240.8,1440,823,128.5558,36.2493
2021-01-02,-4.7,-13.5,2021-01-01 23:05:00+00:00,1.2,2021-01-02 05:21:00+00:00,0.0,,,8.6,2021-01-02 06:16:00+00:00,1.7,317.2,1440,823,128.5558,36.2493
2021-01-03,-4.1,-10.6,2021-01-02 19:55:00+00:00,1.6,2021-01-03 05:13:00+00:00,0.0,,,11.4,2021-01-03 06:13:00+00:00,1.9,150.7,1440,823,128.5558,36.2493
2021-01-04,-4.8,-12.1,2021-01-03 22:52:00+00:00,4.3,2021-01-04 06:08:00+00:00,0.0,,,4.1,2021-01-04 06:16:00+00:00,0.8,260.9,1440,823,128.5558,36.2493
2021-01-05,-3.0,-9.9,2021-01-05 14:36:00+00:00,2.0,2021-01-05 03:16:00+00:00,0.0,,,9.7,2021-01-05 04:16:00+00:00,2.1,269.2,1439,823,128.5558,36.2493
2021-01-06,-6.5,-12.8,2021-01-05 20:35:00+00:00,-0.1,2021-01-06 06:09:00+00:00,0.0,,,10.0,2021-01-06 06:48:00+00:00,1.6,258.3,1440,823,128.5558,36.2493
2021-01-07,-10.9,-15.8,2021-01-07 14:39:00+00:00,-3.3,2021-01-06 15:01:00+00:00,0.5,,,15.0,2021-01-06 19:06:00+00:00,3.4,278.3,1440,823,128.5558,36.2493
2021-01-08,-11.6,-17.0,2021-01-07 15:46:00+00:00,-7.1,2021-01-08 06:02:00+00:00,0.0,,,10.4,2021-01-08 02:34:00+00:00,3.2,9.0,1440,823,128.5558,36.2493
2021-01-09,-10.3,-15.6,2021-01-08 22:55:00+00:00,-4.0,2021-01-09 04:51:00+00:00,0.0,,,10.1,2021-01-09 04:39:00+00:00,2.5,262.0,1440,823,128.5558,36.2493
2021-01-10,-8.5,-16.5,2021-01-09 22:15:00+00:00,-0.1,2021-01-10 05:28:00+00:00,0.0,,,7.7,2021-01-10 05:12:00+00:00,1.3,265.0,1440,823,128.5558,36.2493
2021-01-11,-8.0,-13.2,2021-01-10 22:52:00+00:00,-2.5,2021-01-11 06:32:00+00:00,0.0,,,3.5,2021-01-11 04:12:00+00:00,0.7,179.1,1440,823,128.5558,36.2493
2021-01-12,-5.2,-13.8,2021-01-11 22:36:00+00:00,3.4,2021-01-12 06:12:00+00:00,0.0,,,9.2,2021-01-12 05:08:00+00:00,1.2,252.9,1439,823,128.5558,36.2493
2021-01-13,-0.2,-8.6,2021-01-12 20:33:00+00:00,10.3,2021-01-13 05:46:00+00:00,0.0,,,7.7,2021-01-13 04:31:00+00:00,1.1,243.7,1440,823,128.5558,36.2493
2021-01-14,0.4,-6.4,2021-01-13 23:16:00+00:00,12.1,2021-01-14 06:47:00+00:00,0.0,,,2.9,2021-01-13 15:46:00+00:00,0.7,60.1,1440,823,128.5558,36.2493
2021-01-15,4.9,-5.9,2021-01-14 22:41:00+00:00,14.2,2021-01-15 06:11:00+00:00,0.0,,,8.7,2021-01-15 10:38:00+00:00,1.6,261.6,1440,823,128.5558,36.2493
2021-01-16,-0.6,-4.9,2021-01-16 14:00:00+00:00,6.0,2021-01-15 15:01:00+00:00,0.0,,,10.0,2021-01-16 02:41:00+00:00,2.2,38.4,1440,823,128.5558,36.2493
2021-01-17,-4.0,-9.7,2021-01-16 23:14:00+00:00,0.8,2021-01-17 06:26:00+00:00,0.0,,,10.3,2021-01-17 04:25:00+00:00,2.2,312.8,1440,823,128.5558,36.2493
2021-01-18,-3.6,-9.1,2021-01-17 22:49:00+00:00,4.1,2021-01-18 06:16:00+00:00,0.0,,,14.4,2021-01-18 06:29:00+00:00,2.5,256.8,1440,823,128.5558,36.2493
2021-01-19,-6.9,-12.9,2021-01-18 22:22:00+00:00,1.4,2021-01-19 06:45:00+00:00,0.0,,,5.2,2021-01-18 15:23:00+00:00,1.1,293.1,1440,823,128.5558,36.2493
2021-01-20,-4.8,-13.3,2021-01-19 22:27:00+00:00,7.4,2021-01-20 06:44:00+00:00,0.0,,,3.8,2021-01-20 03:57:00+00:00,0.7,347.0,1440,823,128.5558,36.2493
2021-01-21,2.3,-7.6,2021-01-20 15:42:00+00:00,11.6,2021-01-21 04:12:00+00:00,1.0,,,4.8,2021-01-21 05:23:00+00:00,0.7,268.3,1440,823,128.5558,36.2493
2021-01-22,5.1,2.4,2021-01-21 17:28:00+00:00,9.6,2021-01-22 05:12:00+00:00,0.5,,,3.4,2021-01-22 05:41:00+00:00,0.7,350.4,1440,823,128.5558,36.2493
2021-01-23,7.4,3.8,2021-01-22 19:20:00+00:00,12.7,2021-01-23 03:05:00+00:00,0.0,,,14.2,2021-01-23 03:08:00+00:00,2.1,67.5,1440,823,128.5558,36.2493
2021-01-24,4.9,-1.9,2021-01-24 14:41:00+00:00,12.2,2021-01-24 06:23:00+00:00,0.0,,,7.2,2021-01-24 06:54:00+00:00,1.5,128.7,1440,823,128.5558,36.2493
2021-01-25,4.1,-3.5,2021-01-24 22:58:00+00:00,13.6,2021-01-25 06:42:00+00:00,0.0,,,5.1,2021-01-25 08:07:00+00:00,1.2,167.8,1440,823,128.5558,36.2493
2021-01-26,3.3,-0.1,2021-01-25 15:03:00+00:00,6.5,2021-01-26 07:33:00+00:00,5.5,,,3.8,2021-01-25 21:11:00+00:00,0.8,259.4,1440,823,128.5558,36.2493
2021-01-27,2.3,-2.3,2021-01-26 15:00:00+00:00,8.9,2021-01-27 06:27:00+00:00,0.0,,,6.4,2021-01-27 02:46:00+00:00,1.2,92.1,1440,823,128.5558,36.2493
2021-01-28,-1.3,-6.3,2021-01-28 14:56:00+00:00,8.8,2021-01-28 03:45:00+00:00,0.0,,,18.6,2021-01-28 04:35:00+00:00,3.1,254.4,1440,823,128.5558,36.2493
2021-01-29,-6.1,-9.6,2021-01-28 22:07:00+00:00,-1.0,2021-01-29 06:40:00+00:00,0.0,,,12.2,2021-01-29 03:43:00+00:00,3.3,312.1,1440,823,128.5558,36.2493
2021-01-30,-2.4,-11.0,2021-01-29 19:02:00+00:00,7.4,2021-01-30 07:41:00+00:00,0.0,,,9.4,2021-01-30 05:10:00+00:00,1.4,251.0,1440,823,128.5558,36.2493
2021-01-31,1.2,-8.8,2021-01-30 22:39:00+00:00,11.6,2021-01-31 05:44:00+00:00,0.0,,,6.6,2021-01-31 06:19:00+00:00,0.9,212.7,1440,823,128.5558,36.2493
2021-02-01,5.3,1.1,2021-01-31 15:01:00+00:00,10.3,2021-02-01 07:08:00+00:00,10.5,,,7.5,2021-02-01 11:42:00+00:00,1.4,268.4,1440,823,128.5558,36.2493
2021-02-02,-2.1,-6.6,2021-02-02 14:11:00+00:00,5.1,2021-02-01 15:01:00+00:00,0.0,,,16.2,2021-02-02 07:48:00+00:00,3.5,258.4,1440,823,128.5558,36.2493
2021-02-03,-3.1,-8.7,2021-02-02 22:31:00+00:00,3.9,2021-02-03 06:14:00+00:00,0.0,,,9.9,2021-02-02 16:51:00+00:00,2.0,231.6,1440,823,128.5558,36.2493
2021-02-04,-1.3,-7.1,2021-02-03 15:00:00+00:00,4.7,2021-02-04 05:56:00+00:00,0.0,,,9.5,2021-02-04 05:43:00+00:00,1.9,236.6,1440,823,128.5558,36.2493
2021-02-05,-1.3,-9.2,2021-02-04 19:21:00+00:00,9.1,2021-02-05 06:53:00+00:00,0.0,,,5.5,2021-02-05 05:14:00+00:00,0.7,250.8,1440,823,128.5558,36.2493
2021-02-06,2.1,-7.1,2021-02-05 22:20:00+00:00,13.3,2021-02-06 06:31:00+00:00,0.0,,,10.4,2021-02-06 03:43:00+00:00,1.6,264.1,1440,823,128.5558,36.2493
2021-02-07,4.5,-2.6,2021-02-06 22:05:00+00:00,12.8,2021-02-07 05:08:00+00:00,0.0,,,10.8,2021-02-07 06:51:00+00:00,2.1,266.7,1440,823,128.5558,36.2493
2021-02-08,-1.0,-5.1,2021-02-07 15:00:00+00:00,3.6,2021-02-08 04:53:00+00:00,0.0,,,12.2,2021-02-08 05:21:00+00:00,2.9,179.3,1440,823,128.5558,36.2493
2021-02-09,-1.2,-8.1,2021-02-08 21:57:00+00:00,7.3,2021-02-09 06:29:00+00:00,0.0,,,9.8,2021-02-09 05:17:00+00:00,1.6,179.4,1440,823,128.5558,36.2493
2021-02-10,-0.4,-8.4,2021-02-09 22:21:00+00:00,9.4,2021-02-10 06:13:00+00:00,0.0,,,7.9,2021-02-10 05:23:00+00:00,1.2,153.1,1440,823,128.5558,36.2493
2021-02-11,2.1,-5.3,2021-02-10 20:15:00+00:00,11.9,2021-02-11 05:26:00+00:00,0.0,,,4.8,2021-02-11 02:19:00+00:00,0.8,47.3,1440,823,128.5558,36.2493
2021-02-12,4.1,-3.1,2021-02-11 21:38:00+00:00,16.2,2021-02-12 07:07:00+00:00,0.0,,,5.0,2021-02-12 06:01:00+00:00,0.8,126.0,1440,823,128.5558,36.2493
2021-02-13,4.0,-5.0,2021-02-12 22:38:00+00:00,17.4,2021-02-13 07:18:00+00:00,0.0,,,4.4,2021-02-13 05:30:00+00:00,0.7,354.1,1440,823,128.5558,36.2493
2021-02-14,7.1,-1.7,2021-02-13 17:47:00+00:00,15.6,2021-02-14 05:36:00+00:00,1.5,,,3.5,2021-02-14 02:48:00+00:00,0.8,48.8,1440,823,128.5558,36.2493
2021-02-15,3.6,-2.5,2021-02-15 14:46:00+00:00,8.5,2021-02-15 04:01:00+00:00,1.0,,,14.2,2021-02-15 07:44:00+00:00,2.9,261.7,1440,823,128.5558,36.2493
2021-02-16,-2.4,-7.1,2021-02-15 22:13:00+00:00,3.4,2021-02-16 05:30:00+00:00,0.5,,,12.4,2021-02-16 14:44:00+00:00,2.9,324.9,1440,823,128.5558,36.2493
2021-02-17,-6.1,-7.5,2021-02-16 23:17:00+00:00,-3.5,2021-02-17 06:25:00+00:00,0.0,,,17.8,2021-02-17 04:13:00+00:00,4.7,254.5,1440,823,128.5558,36.2493
2021-02-18,-5.7,-10.9,2021-02-17 21:04:00+00:00,-0.2,2021-02-18 06:35:00+00:00,0.0,,,10.3,2021-02-18 03:26:00+00:00,2.6,92.1,1440,823,128.5558,36.2493
2021-02-19,0.2,-10.0,2021-02-18 21:51:00+00:00,11.3,2021-02-19 05:44:00+00:00,0.0,,,14.3,2021-02-19 08:19:00+00:00,2.2,269.1,1440,823,128.5558,36.2493
2021-02-20,5.5,-4.4,2021-02-19 21:36:00+00:00,18.5,2021-02-20 05:54:00+00:00,0.0,,,11.7,2021-02-20 04:13:00+00:00,1.9,258.4,1440,823,128.5558,36.2493
2021-02-21,9.9,-3.0,2021-02-20 21:38:00+00:00,24.2,2021-02-21 05:52:00+00:00,0.0,,,11.7,2021-02-21 06:08:00+00:00,1.6,263.2,1440,823,128.5558,36.2493
2021-02-22,9.6,-0.2,2021-02-21 21:45:00+00:00,21.1,2021-02-22 04:27:00+00:00,0.0,,,11.7,2021-02-22 08:28:00+00:00,2.2,260.2,1440,823,128.5558,36.2493
2021-02-23,2.2,-4.3,2021-02-22 22:26:00+00:00,9.7,2021-02-23 06:38:00+00:00,0.0,,,7.3,2021-02-23 02:19:00+00:00,1.7,296.6,1440,823,128.5558,36.2493
2021-02-24,2.6,-4.5,2021-02-23 16:48:00+00:00,11.7,2021-02-24 07:18:00+00:00,0.0,,,5.6,2021-02-24 10:00:00+00:00,1.1,134.7,1440,823,128.5558,36.2493
2021-02-25,3.5,-3.1,2021-02-24 19:00:00+00:00,8.3,2021-02-25 06:48:00+00:00,0.0,,,4.8,2021-02-25 14:27:00+00:00,0.9,171.4,1439,823,128.5558,36.2493
2021-02-26,6.3,0.2,2021-02-25 22:15:00+00:00,13.1,2021-02-26 05:33:00+00:00,0.5,,,9.7,2021-02-26 05:53:00+00:00,2.0,137.5,1440,823,128.5558,36.2493
2021-02-27,4.7,-1.1,2021-02-27 14:52:00+00:00,10.2,2021-02-27 03:21:00+00:00,0.0,,,10.6,2021-02-27 00:00:00+00:00,2.7,122.2,1440,823,128.5558,36.2493
2021-02-28,4.7,-2.8,2021-02-27 21:20:00+00:00,10.8,2021-02-28 04:10:00+00:00,0.0,,,4.2,2021-02-28 09:02:00+00:00,0.9,184.2,1440,823,128.5558,36.2493
2021-03-01,6.8,1.4,2021-02-28 15:00:00+00:00,12.7,2021-03-01 08:31:00+00:00,53.0,,,11.1,2021-03-01 09:38:00+00:00,1.5,44.0,1440,823,128.5558,36.2493
2021-03-02,1.9,-1.2,2021-03-02 14:33:00+00:00,5.1,2021-03-02 04:44:00+00:00,4.5,,,5.0,2021-03-02 02:53:00+00:00,1.2,42.3,1440,823,128.5558,36.2493
2021-03-03,2.3,-3.1,2021-03-02 19:11:00+00:00,9.0,2021-03-03 06:16:00+00:00,0.0,,,4.6,2021-03-03 06:44:00+00:00,1.0,212.0,1440,823,128.5558,36.2493
2021-03-04,4.4,-1.8,2021-03-03 21:47:00+00:00,10.9,2021-03-04 06:29:00+00:00,0.5,,,4.4,2021-03-04 06:02:00+00:00,0.7,30.9,1440,823,128.5558,36.2493
2021-03-05,6.8,2.5,2021-03-04 21:19:00+00:00,17.4,2021-03-05 06:42:00+00:00,0.0,,,4.3,2021-03-05 05:26:00+00:00,0.9,340.9,1438,823,128.5558,36.2493
2021-03-06,4.3,0.2,2021-03-05 21:24:00+00:00,8.5,2021-03-06 00:52:00+00:00,0.0,,,10.2,2021-03-06 09:20:00+00:00,2.1,60.5,1440,823,128.5558,36.2493
2021-03-07,4.7,1.7,2021-03-07 14:50:00+00:00,9.3,2021-03-07 06:31:00+00:00,0.0,,,6.1,2021-03-06 15:24:00+00:00,1.4,56.1,1440,823,128.5558,36.2493
2021-03-08,5.3,-2.5,2021-03-07 21:03:00+00:00,14.7,2021-03-08 06:26:00+00:00,0.0,,,6.4,2021-03-08 08:58:00+00:00,1.3,138.3,1440,823,128.5558,36.2493
2021-03-09,6.6,-0.7,2021-03-08 20:42:00+00:00,14.7,2021-03-09 06:50:00+00:00,0.0,,,6.3,2021-03-09 05:40:00+00:00,1.2,287.2,1439,823,128.5558,36.2493
2021-03-10,6.7,-2.2,2021-03-09 21:59:00+00:00,16.6,2021-03-10 06:05:00+00:00,0.0,,,6.5,2021-03-10 03:38:00+00:00,1.7,192.7,1440,823,128.5558,36.2493
2021-03-11,8.1,-1.7,2021-03-10 21:47:00+00:00,18.8,2021-03-11 06:55:00+00:00,0.0,,,4.7,2021-03-11 07:03:00+00:00,0.8,268.9,1440,823,128.5558,36.2493
2021-03-12,7.5,5.9,2021-03-12 13:12:00+00:00,8.9,2021-03-12 03:04:00+00:00,19.0,,,5.9,2021-03-12 06:11:00+00:00,1.4,347.1,1440,823,128.5558,36.2493
2021-03-13,8.3,3.5,2021-03-12 22:58:00+00:00,15.5,2021-03-13 06:37:00+00:00,0.0,,,4.7,2021-03-13 04:05:00+00:00,1.1,44.5,1439,823,128.5558,36.2493
2021-03-14,8.9,3.5,2021-03-13 21:48:00+00:00,15.8,2021-03-14 06:57:00+00:00,0.0,,,9.3,2021-03-14 03:47:00+00:00,1.3,290.8,1439,823,128.5558,36.2493
2021-03-15,10.4,0.6,2021-03-14 21:13:00+00:00,17.8,2021-03-15 06:20:00+00:00,0.0,,,8.8,2021-03-15 03:05:00+00:00,2.1,207.6,1437,823,128.5558,36.2493
2021-03-16,13.0,4.9,2021-03-16 14:49:00+00:00,18.4,2021-03-16 05:56:00+00:00,0.0,,,10.2,2021-03-16 00:52:00+00:00,2.7,255.4,1438,823,128.5558,36.2493
2021-03-17,8.7,-1.2,2021-03-16 21:40:00+00:00,19.1,2021-03-17 07:09:00+00:00,0.0,,,7.0,2021-03-17 10:40:00+00:00,1.5,150.1,1440,823,128.5558,36.2493
2021-03-18,9.5,1.8,2021-03-17 21:29:00+00:00,17.2,2021-03-18 05:58:00+00:00,0.0,,,6.9,2021-03-18 05:36:00+00:00,1.5,122.4,1440,823,128.5558,36.2493
2021-03-19,10.1,4.6,2021-03-18 18:39:00+00:00,16.2,2021-03-19 05:59:00+00:00,0.0,,,8.0,2021-03-19 08:08:00+00:00,1.8,116.4,1439,823,128.5558,36.2493
2021-03-20,7.5,4.0,2021-03-19 18:25:00+00:00,9.3,2021-03-19 15:17:00+00:00,3.0,,,5.1,2021-03-20 03:56:00+00:00,0.9,62.9,1440,823,128.5558,36.2493
2021-03-21,7.3,4.1,2021-03-21 14:55:00+00:00,10.7,2021-03-21 07:04:00+00:00,0.0,,,12.5,2021-03-21 04:31:00+00:00,3.3,259.8,1440,823,128.5558,36.2493
2021-03-22,6.7,1.1,2021-03-21 21:42:00+00:00,12.1,2021-03-22 06:08:00+00:00,0.0,,,16.0,2021-03-22 05:15:00+00:00,3.5,280.4,1440,823,128.5558,36.2493
2021-03-23,7.9,-2.3,2021-03-22 21:25:00+00:00,18.4,2021-03-23 06:29:00+00:00,0.0,,,13.0,2021-03-23 05:22:00+00:00,2.4,276.9,1440,823,128.5558,36.2493
2021-03-24,8.5,-0.6,2021-03-23 21:31:00+00:00,17.3,2021-03-24 04:18:00+00:00,0.0,,,6.7,2021-03-24 02:55:00+00:00,1.6,225.7,1439,823,128.5558,36.2493
2021-03-25,11.3,0.9,2021-03-24 21:00:00+00:00,21.7,2021-03-25 06:39:00+00:00,0.0,,,7.6,2021-03-25 05:40:00+00:00,1.3,255.6,1440,823,128.5558,36.2493
2021-03-26,13.3,1.9,2021-03-25 21:52:00+00:00,24.1,2021-03-26 05:35:00+00:00,0.0,,,8.0,2021-03-26 08:09:00+00:00,1.5,152.7,1439,823,128.5558,36.2493
2021-03-27,11.1,4.4,2021-03-26 21:36:00+00:00,15.9,2021-03-27 03:00:00+00:00,13.0,,,5.7,2021-03-27 11:21:00+00:00,1.1,133.6,1440,823,128.5558,36.2493
2021-03-28,12.6,6.8,2021-03-28 14:18:00+00:00,16.8,2021-03-28 07:17:00+00:00,7.0,,,14.8,2021-03-28 02:48:00+00:00,3.2,256.7,1440,823,128.5558,36.2493
2021-03-29,12.8,6.9,2021-03-28 15:15:00+00:00,18.5,2021-03-29 06:01:00+00:00,0.0,,,13.0,2021-03-29 03:57:00+00:00,2.8,267.2,1440,823,128.5558,36.2493
2021-03-30,12.2,5.7,2021-03-29 15:00:00+00:00,20.6,2021-03-30 06:43:00+00:00,0.0,,,9.8,2021-03-30 03:02:00+00:00,1.6,120.1,1440,823,128.5558,36.2493
2021-03-31,11.8,0.7,2021-03-30 20:37:00+00:00,23.2,2021-03-31 07:03:00+00:00,0.0,,,6.6,2021-03-31 09:12:00+00:00,1.3,116.2,1440,823,128.5558,36.2493
2021-04-01,12.2,3.5,2021-03-31 20:19:00+00:00,19.0,2021-04-01 02:59:00+00:00,0.0,,,12.1,2021-04-01 05:39:00+00:00,3.1,87.3,1440,823,128.5558,36.2493
2021-04-02,15.1,9.7,2021-04-01 21:21:00+00:00,20.5,2021-04-02 05:29:00+00:00,0.0,,,10.1,2021-04-01 16:28:00+00:00,3.0,60.7,1440,823,128.5558,36.2493
2021-04-03,14.5,10.8,2021-04-02 17:59:00+00:00,19.5,2021-04-03 03:13:00+00:00,18.5,,,5.5,2021-04-02 15:28:00+00:00,1.0,147.3,1440,823,128.5558,36.2493
2021-04-04,9.7,5.4,2021-04-04 14:59:00+00:00,14.5,2021-04-03 15:01:00+00:00,27.5,,,10.4,2021-04-03 20:03:00+00:00,2.8,55.3,1440,823,128.5558,36.2493
2021-04-05,8.1,0.5,2021-04-04 21:04:00+00:00,17.7,2021-04-05 06:47:00+00:00,0.0,,,7.2,2021-04-05 06:18:00+00:00,1.4,60.1,1440,823,128.5558,36.2493
2021-04-06,11.1,1.1,2021-04-05 20:32:00+00:00,20.3,2021-04-06 07:01:00+00:00,0.0,,,9.4,2021-04-06 06:40:00+00:00,1.6,355.4,1440,823,128.5558,36.2493
2021-04-07,13.2,3.4,2021-04-06 21:23:00+00:00,22.1,2021-04-07 05:49:00+00:00,0.0,,,8.3,2021-04-07 06:40:00+00:00,1.5,326.7,1440,823,128.5558,36.2493
2021-04-08,12.1,4.1,2021-04-07 21:16:00+00:00,20.0,2021-04-08 05:52:00+00:00,0.0,,,7.7,2021-04-08 04:00:00+00:00,1.5,46.7,1439,823,128.5558,36.2493
2021-04-09,8.4,2.1,2021-04-08 21:01:00+00:00,13.9,2021-04-09 03:34:00+00:00,0.0,,,10.5,2021-04-09 01:31:00+00:00,2.6,92.9,1440,823,128.5558,36.2493
2021-04-10,9.7,0.3,2021-04-09 20:56:00+00:00,18.8,2021-04-10 07:24:00+00:00,0.0,,,6.7,2021-04-10 11:10:00+00:00,1.1,141.3,1440,823,128.5558,36.2493
2021-04-11,12.9,1.8,2021-04-10 21:22:00+00:00,22.1,2021-04-11 06:16:00+00:00,0.0,,,6.1,2021-04-11 05:34:00+00:00,1.3,185.3,1440,823,128.5558,36.2493
2021-04-12,11.8,7.4,2021-04-11 21:12:00+00:00,15.5,2021-04-12 14:47:00+00:00,15.0,,,6.4,2021-04-12 14:50:00+00:00,0.9,198.5,1439,823,128.5558,36.2493
2021-04-13,14.0,6.6,2021-04-13 14:50:00+00:00,18.8,2021-04-13 05:25:00+00:00,0.0,,,14.5,2021-04-12 22:16:00+00:00,3.5,278.6,1440,823,128.5558,36.2493
2021-04-14,9.2,3.8,2021-04-13 19:20:00+00:00,16.4,2021-04-14 06:30:00+00:00,0.0,,,10.5,2021-04-14 03:57:00+00:00,2.4,36.1,1440,823,128.5558,36.2493
2021-04-15,9.6,0.2,2021-04-14 19:55:00+00:00,18.2,2021-04-15 06:29:00+00:00,0.0,,,6.2,2021-04-15 07:39:00+00:00,1.0,188.0,1440,823,128.5558,36.2493
2021-04-16,11.9,3.2,2021-04-15 18:59:00+00:00,19.6,2021-04-16 04:58:00+00:00,0.0,,,8.7,2021-04-16 04:12:00+00:00,1.9,256.4,1440,823,128.5558,36.2493
2021-04-17,11.2,5.9,2021-04-16 21:05:00+00:00,17.6,2021-04-17 03:31:00+00:00,0.0,,,11.3,2021-04-17 04:25:00+00:00,2.5,256.3,1439,823,128.5558,36.2493
2021-04-18,10.7,5.4,2021-04-17 18:58:00+00:00,16.9,2021-04-18 07:32:00+00:00,0.0,,,11.7,2021-04-18 06:04:00+00:00,2.6,257.0,1440,823,128.5558,36.2493
2021-04-19,12.7,1.2,2021-04-18 21:15:00+00:00,22.2,2021-04-19 06:38:00+00:00,0.0,,,9.9,2021-04-19 04:20:00+00:00,1.9,319.1,1440,823,128.5558,36.2493
2021-04-20,15.8,3.7,2021-04-19 21:03:00+00:00,26.8,2021-04-20 06:33:00+00:00,0.0,,,6.0,2021-04-20 07:40:00+00:00,1.4,278.5,1440,823,128.5558,36.2493
2021-04-21,18.1,7.1,2021-04-20 20:48:00+00:00,29.3,2021-04-21 05:57:00+00:00,0.0,,,7.0,2021-04-21 09:17:00+00:00,1.1,164.0,1440,823,128.5558,36.2493
2021-04-22,19.4,12.0,2021-04-21 21:10:00+00:00,27.8,2021-04-22 04:47:00+00:00,0.0,,,9.9,2021-04-22 05:56:00+00:00,2.4,181.7,1438,823,128.5558,36.2493
2021-04-23,15.4,11.7,2021-04-22 22:08:00+00:00,19.8,2021-04-23 06:22:00+00:00,0.0,,,12.3,2021-04-23 08:50:00+00:00,2.1,70.9,1439,823,128.5558,36.2493
2021-04-24,16.2,9.7,2021-04-23 20:00:00+00:00,24.4,2021-04-24 05:52:00+00:00,0.0,,,4.9,2021-04-24 04:17:00+00:00,1.3,167.2,1440,823,128.5558,36.2493
2021-04-25,13.6,6.6,2021-04-24 15:00:00+00:00,21.6,2021-04-25 04:50:00+00:00,0.0,,,10.2,2021-04-24 23:33:00+00:00,2.4,73.5,1440,823,128.5558,36.2493
2021-04-26,12.5,2.5,2021-04-25 20:44:00+00:00,21.3,2021-04-26 06:43:00+00:00,0.0,,,8.4,2021-04-26 03:56:00+00:00,1.6,269.1,1440,823,128.5558,36.2493
2021-04-27,14.6,5.4,2021-04-26 20:48:00+00:00,22.0,2021-04-27 04:43:00+00:00,0.0,,,8.0,2021-04-27 06:13:00+00:00,1.6,158.9,1440,823,128.5558,36.2493
2021-04-28,16.0,10.7,2021-04-27 21:19:00+00:00,21.9,2021-04-28 03:36:00+00:00,0.0,,,8.5,2021-04-28 03:01:00+00:00,1.5,64.0,1440,823,128.5558,36.2493
2021-04-29,15.3,9.9,2021-04-28 19:05:00+00:00,23.1,2021-04-29 05:23:00+00:00,0.5,,,13.3,2021-04-29 07:39:00+00:00,2.1,270.8,1440,823,128.5558,36.2493
2021-04-30,15.1,10.7,2021-04-30 14:18:00+00:00,20.5,2021-04-30 05:42:00+00:00,0.0,,,16.7,2021-04-29 17:11:00+00:00,3.8,220.0,1440,823,128.5558,36.2493
2021-05-01,10.7,8.8,2021-04-30 21:42:00+00:00,12.9,2021-05-01 06:24:00+00:00,4.0,,,10.8,2021-05-01 08:54:00+00:00,2.2,247.7,1440,823,128.5558,36.2493
2021-05-02,12.1,7.1,2021-05-02 14:50:00+00:00,19.6,2021-05-02 08:03:00+00:00,1.0,,,8.2,2021-05-02 08:42:00+00:00,2.1,72.4,1440,823,128.5558,36.2493
2021-05-03,14.1,3.8,2021-05-02 20:33:00+00:00,23.4,2021-05-03 07:29:00+00:00,0.0,,,8.2,2021-05-03 03:32:00+00:00,1.3,256.9,1439,823,128.5558,36.2493
2021-05-04,15.5,9.0,2021-05-03 20:29:00+00:00,20.4,2021-05-04 04:03:00+00:00,11.5,,,13.1,2021-05-04 04:20:00+00:00,2.3,204.5,1440,823,128.5558,36.2493
2021-05-05,16.2,7.7,2021-05-04 15:00:00+00:00,20.9,2021-05-05 06:47:00+00:00,1.0,,,13.9,2021-05-05 03:09:00+00:00,3.6,263.3,1440,823,128.5558,36.2493
2021-05-06,14.0,2.7,2021-05-05 20:32:00+00:00,23.6,2021-05-06 07:40:00+00:00,0.0,,,5.0,2021-05-06 09:44:00+00:00,0.9,205.1,1440,823,128.5558,36.2493
2021-05-07,15.0,6.4,2021-05-06 20:19:00+00:00,23.5,2021-05-07 03:16:00+00:00,0.0,,,13.3,2021-05-07 06:25:00+00:00,2.9,254.3,1440,823,128.5558,36.2493
2021-05-08,16.2,4.4,2021-05-07 20:56:00+00:00,25.3,2021-05-08 06:31:00+00:00,0.0,,,12.5,2021-05-08 13:12:00+00:00,2.8,271.4,1440,823,128.5558,36.2493
2021-05-09,15.9,9.2,2021-05-09 14:53:00+00:00,23.3,2021-05-09 05:43:00+00:00,0.0,,,11.2,2021-05-09 06:51:00+00:00,3.1,262.2,1440,823,128.5558,36.2493
2021-05-10,10.3,6.6,2021-05-09 18:05:00+00:00,12.3,2021-05-10 08:30:00+00:00,13.5,,,4.4,2021-05-09 22:19:00+00:00,1.0,332.4,1440,823,128.5558,36.2493
2021-05-11,13.5,10.0,2021-05-11 14:58:00+00:00,18.3,2021-05-11 06:08:00+00:00,5.5,,,4.8,2021-05-10 19:01:00+00:00,1.1,120.5,1439,823,128.5558,36.2493
2021-05-12,16.2,8.2,2021-05-11 18:14:00+00:00,25.0,2021-05-12 06:25:00+00:00,0.0,,,7.8,2021-05-12 03:53:00+00:00,1.4,67.5,1438,823,128.5558,36.2493
2021-05-13,19.5,9.0,2021-05-12 20:38:00+00:00,28.9,2021-05-13 06:37:00+00:00,0.0,,,4.6,2021-05-13 09:11:00+00:00,0.9,135.5,1440,823,128.5558,36.2493
2021-05-14,21.3,12.1,2021-05-13 20:22:00+00:00,29.9,2021-05-14 06:26:00+00:00,0.0,,,8.6,2021-05-14 05:13:00+00:00,1.6,151.9,1440,823,128.5558,36.2493
2021-05-15,19.7,16.4,2021-05-14 21:24:00+00:00,22.3,2021-05-15 07:30:00+00:00,3.5,,,4.5,2021-05-14 16:15:00+00:00,0.7,140.8,1440,823,128.5558,36.2493
2021-05-16,20.6,15.8,2021-05-16 14:59:00+00:00,23.6,2021-05-16 03:31:00+00:00,28.0,,,7.5,2021-05-16 02:47:00+00:00,2.2,186.5,1440,823,128.5558,36.2493
2021-05-17,15.3,14.4,2021-05-17 13:15:00+00:00,16.8,2021-05-17 05:11:00+00:00,11.5,,,4.8,2021-05-16 17:05:00+00:00,1.7,119.5,1440,823,128.5558,36.2493
2021-05-18,17.2,14.2,2021-05-17 18:44:00+00:00,23.2,2021-05-18 08:15:00+00:00,0.0,,,4.4,2021-05-18 04:57:00+00:00,1.0,255.7,1436,823,128.5558,36.2493
2021-05-19,18.9,12.4,2021-05-18 20:06:00+00:00,28.6,2021-05-19 06:35:00+00:00,0.0,,,4.9,2021-05-19 02:19:00+00:00,1.0,6.0,1438,823,128.5558,36.2493
2021-05-20,15.3,14.0,2021-05-19 20:50:00+00:00,17.0,2021-05-20 00:49:00+00:00,13.0,,,6.9,2021-05-20 05:13:00+00:00,1.2,57.6,1439,823,128.5558,36.2493
2021-05-21,15.7,14.3,2021-05-21 14:45:00+00:00,17.2,2021-05-21 03:53:00+00:00,0.5,,,8.8,2021-05-21 06:05:00+00:00,1.9,263.6,1439,823,128.5558,36.2493
2021-05-22,18.1,10.7,2021-05-21 20:26:00+00:00,26.2,2021-05-22 07:04:00+00:00,0.0,,,9.0,2021-05-22 03:00:00+00:00,1.7,91.9,1440,823,128.5558,36.2493
2021-05-23,20.3,11.3,2021-05-22 20:25:00+00:00,28.5,2021-05-23 05:26:00+00:00,0.0,,,4.9,2021-05-23 13:50:00+00:00,0.8,277.9,1440,823,128.5558,36.2493
2021-05-24,20.1,13.3,2021-05-24 14:55:00+00:00,25.6,2021-05-24 07:03:00+00:00,0.0,,,8.4,2021-05-24 07:11:00+00:00,1.5,263.3,1440,823,128.5558,36.2493
2021-05-25,14.6,9.3,2021-05-25 14:56:00+00:00,22.1,2021-05-25 05:30:00+00:00,2.0,,,14.9,2021-05-25 05:05:00+00:00,2.3,269.1,1440,823,128.5558,36.2493
2021-05-26,16.0,7.7,2021-05-25 20:17:00+00:00,22.9,2021-05-26 04:54:00+00:00,0.0,,,11.0,2021-05-26 13:15:00+00:00,1.6,214.7,1440,823,128.5558,36.2493
2021-05-27,16.2,10.6,2021-05-27 14:51:00+00:00,22.7,2021-05-27 07:21:00+00:00,0.5,,,10.4,2021-05-27 07:15:00+00:00,2.1,257.8,1440,823,128.5558,36.2493
2021-05-28,14.8,7.6,2021-05-27 20:28:00+00:00,26.1,2021-05-28 03:10:00+00:00,14.0,,,15.6,2021-05-28 03:23:00+00:00,1.9,321.4,1439,823,128.5558,36.2493
2021-05-29,17.9,12.6,2021-05-29 14:59:00+00:00,24.2,2021-05-29 04:44:00+00:00,0.0,,,9.8,2021-05-29 03:19:00+00:00,2.1,266.7,1440,823,128.5558,36.2493
2021-05-30,19.0,9.1,2021-05-29 20:25:00+00:00,27.7,2021-05-30 07:28:00+00:00,0.0,,,6.4,2021-05-30 11:12:00+00:00,1.2,139.0,1432,823,128.5558,36.2493
2021-05-31,19.2,14.9,2021-05-30 21:16:00+00:00,23.9,2021-05-31 05:36:00+00:00,3.0,,,4.9,2021-05-31 05:39:00+00:00,1.7,120.9,1429,823,128.5558,36.2493
2021-06-01,20.4,13.4,2021-05-31 20:29:00+00:00,27.3,2021-06-01 06:41:00+00:00,0.0,,,6.0,2021-06-01 05:30:00+00:00,1.0,3.7,1438,823,128.5558,36.2493
2021-06-02,22.8,15.7,2021-06-01 20:17:00+00:00,30.0,2021-06-02 04:01:00+00:00,0.0,,,5.6,2021-06-02 08:06:00+00:00,1.2,208.5,1440,823,128.5558,36.2493
2021-06-03,18.1,14.4,2021-06-02 20:24:00+00:00,20.3,2021-06-03 01:42:00+00:00,23.0,,,3.7,2021-06-03 03:23:00+00:00,0.7,133.6,1438,823,128.5558,36.2493
2021-06-04,18.7,13.8,2021-06-04 14:55:00+00:00,25.1,2021-06-04 07:30:00+00:00,2.0,,,8.3,2021-06-04 07:10:00+00:00,1.8,255.7,1438,823,128.5558,36.2493
2021-06-05,19.9,9.9,2021-06-04 20:11:00+00:00,28.8,2021-06-05 06:57:00+00:00,0.0,,,8.9,2021-06-05 08:00:00+00:00,1.6,251.8,1440,823,128.5558,36.2493
2021-06-06,21.5,15.6,2021-06-05 20:04:00+00:00,28.2,2021-06-06 07:33:00+00:00,1.5,,,6.8,2021-06-06 02:44:00+00:00,0.8,321.7,1440,823,128.5558,36.2493
2021-06-07,21.7,16.1,2021-06-06 21:09:00+00:00,28.4,2021-06-07 08:05:00+00:00,0.0,,,3.9,2021-06-07 01:08:00+00:00,0.7,341.9,1439,823,128.5558,36.2493
2021-06-08,24.1,17.0,2021-06-07 20:26:00+00:00,31.7,2021-06-08 07:02:00+00:00,0.0,,,6.3,2021-06-08 10:39:00+00:00,1.1,142.6,1439,823,128.5558,36.2493
2021-06-09,24.8,17.2,2021-06-08 20:04:00+00:00,32.4,2021-06-09 07:15:00+00:00,0.0,,,4.7,2021-06-09 12:30:00+00:00,1.3,195.7,1439,823,128.5558,36.2493
2021-06-10,23.8,16.3,2021-06-09 20:15:00+00:00,30.0,2021-06-10 04:59:00+00:00,0.0,,,6.7,2021-06-10 09:33:00+00:00,1.5,206.1,1438,823,128.5558,36.2493
2021-06-11,22.2,19.2,2021-06-10 22:09:00+00:00,26.8,2021-06-11 08:19:00+00:00,8.5,,,7.7,2021-06-10 19:21:00+00:00,1.6,219.7,1440,823,128.5558,36.2493
2021-06-12,23.9,18.9,2021-06-11 18:22:00+00:00,29.4,2021-06-12 06:53:00+00:00,0.0,,,5.4,2021-06-12 09:12:00+00:00,1.3,177.4,1439,823,128.5558,36.2493
2021-06-13,24.9,18.9,2021-06-12 19:48:00+00:00,31.8,2021-06-13 06:14:00+00:00,0.0,,,6.7,2021-06-13 07:34:00+00:00,1.6,142.4,1439,823,128.5558,36.2493
2021-06-14,23.5,19.9,2021-06-13 18:05:00+00:00,28.7,2021-06-14 06:17:00+00:00,0.0,,,6.0,2021-06-14 12:23:00+00:00,1.9,135.3,1440,823,128.5558,36.2493
2021-06-15,20.9,18.3,2021-06-14 20:01:00+00:00,23.4,2021-06-15 06:59:00+00:00,2.5,,,6.7,2021-06-15 10:10:00+00:00,1.5,143.5,1440,823,128.5558,36.2493
2021-06-16,20.3,17.8,2021-06-15 20:28:00+00:00,24.4,2021-06-16 06:24:00+00:00,1.0,,,10.4,2021-06-16 03:14:00+00:00,2.9,57.2,1439,823,128.5558,36.2493
2021-06-17,19.7,17.8,2021-06-16 19:48:00+00:00,22.4,2021-06-17 07:58:00+00:00,0.0,,,4.7,2021-06-17 05:08:00+00:00,1.2,108.6,1440,823,128.5558,36.2493
2021-06-18,20.8,17.8,2021-06-17 18:13:00+00:00,25.8,2021-06-18 06:44:00+00:00,1.5,,,6.4,2021-06-18 05:30:00+00:00,1.2,265.0,1440,823,128.5558,36.2493
2021-06-19,22.1,16.2,2021-06-18 20:34:00+00:00,29.7,2021-06-19 08:05:00+00:00,0.0,,,5.2,2021-06-18 23:59:00+00:00,0.9,263.9,1438,823,128.5558,36.2493
2021-06-20,22.8,15.1,2021-06-19 20:08:00+00:00,31.5,2021-06-20 05:49:00+00:00,0.0,,,6.7,2021-06-20 04:41:00+00:00,0.9,349.5,1439,823,128.5558,36.2493
2021-06-21,22.4,15.3,2021-06-20 20:14:00+00:00,29.9,2021-06-21 05:41:00+00:00,0.0,,,10.0,2021-06-21 05:43:00+00:00,1.8,284.3,1440,823,128.5558,36.2493
2021-06-22,20.4,15.0,2021-06-21 19:05:00+00:00,26.0,2021-06-22 04:48:00+00:00,3.5,,,6.1,2021-06-22 08:44:00+00:00,1.6,179.3,1440,823,128.5558,36.2493
2021-06-23,19.7,16.3,2021-06-22 18:49:00+00:00,23.5,2021-06-23 05:45:00+00:00,1.5,,,6.0,2021-06-22 15:55:00+00:00,1.8,43.3,1440,823,128.5558,36.2493
2021-06-24,22.2,17.5,2021-06-23 17:57:00+00:00,28.3,2021-06-24 06:04:00+00:00,0.0,,,4.5,2021-06-24 05:11:00+00:00,1.3,239.0,1439,823,128.5558,36.2493
2021-06-25,23.2,16.9,2021-06-24 20:30:00+00:00,30.5,2021-06-25 06:23:00+00:00,0.5,,,7.0,2021-06-25 09:25:00+00:00,1.0,172.8,1439,823,128.5558,36.2493
2021-06-26,22.6,20.0,2021-06-25 15:49:00+00:00,27.4,2021-06-26 04:57:00+00:00,2.5,,,4.4,2021-06-26 09:16:00+00:00,1.1,152.2,1439,823,128.5558,36.2493
2021-06-27,23.1,18.0,2021-06-26 17:54:00+00:00,29.2,2021-06-27 03:28:00+00:00,0.0,,,5.5,2021-06-27 08:41:00+00:00,1.3,111.1,1440,823,128.5558,36.2493
2021-06-28,22.5,17.7,2021-06-27 20:22:00+00:00,28.3,2021-06-28 06:41:00+00:00,0.0,,,7.4,2021-06-28 08:33:00+00:00,1.5,64.7,1440,823,128.5558,36.2493
2021-06-29,24.0,16.7,2021-06-28 20:17:00+00:00,30.6,2021-06-29 05:44:00+00:00,0.0,,,6.9,2021-06-29 13:07:00+00:00,1.5,158.8,1440,823,128.5558,36.2493
2021-06-30,23.7,20.0,2021-06-29 19:48:00+00:00,28.9,2021-06-30 07:45:00+00:00,0.0,,,4.8,2021-06-30 06:16:00+00:00,1.3,41.0,1440,823,128.5558,36.2493
2021-07-01,24.3,17.8,2021-06-30 19:57:00+00:00,32.7,2021-07-01 06:51:00+00:00,0.0,,,7.4,2021-07-01 08:35:00+00:00,1.1,91.3,1439,823,128.5558,36.2493
2021-07-02,23.2,16.6,2021-07-01 20:35:00+00:00,30.4,2021-07-02 06:26:00+00:00,0.0,,,8.6,2021-07-02 11:52:00+00:00,1.7,110.4,1440,823,128.5558,36.2493
2021-07-03,21.7,17.9,2021-07-02 19:33:00+00:00,26.0,2021-07-03 01:48:00+00:00,35.0,,,7.9,2021-07-03 03:27:00+00:00,1.2,153.7,1440,823,128.5558,36.2493
2021-07-04,26.3,21.3,2021-07-03 15:01:00+00:00,32.6,2021-07-04 04:23:00+00:00,6.0,,,10.1,2021-07-04 07:17:00+00:00,2.7,259.8,1440,823,128.5558,36.2493
2021-07-05,22.5,19.9,2021-07-04 20:43:00+00:00,25.3,2021-07-05 04:29:00+00:00,29.5,,,5.2,2021-07-05 13:24:00+00:00,1.0,193.8,1440,823,128.5558,36.2493
2021-07-06,22.8,20.7,2021-07-05 15:06:00+00:00,26.0,2021-07-06 04:28:00+00:00,20.5,,,5.4,2021-07-06 07:19:00+00:00,1.3,177.4,1440,823,128.5558,36.2493
2021-07-07,24.0,22.0,2021-07-06 17:54:00+00:00,27.6,2021-07-07 05:42:00+00:00,38.5,,,6.3,2021-07-06 21:11:00+00:00,0.7,179.8,1440,823,128.5558,36.2493
2021-07-08,24.4,21.2,2021-07-07 19:47:00+00:00,29.4,2021-07-08 07:35:00+00:00,68.0,,,9.7,2021-07-07 19:14:00+00:00,1.5,43.7,1440,823,128.5558,36.2493
2021-07-09,24.5,21.6,2021-07-08 17:50:00+00:00,30.1,2021-07-09 07:31:00+00:00,10.0,,,4.1,2021-07-09 09:21:00+00:00,1.0,185.7,1439,823,128.5558,36.2493
2021-07-10,24.2,20.8,2021-07-10 14:57:00+00:00,31.5,2021-07-10 05:59:00+00:00,31.5,,,10.6,2021-07-10 08:58:00+00:00,1.8,183.5,1440,823,128.5558,36.2493
2021-07-11,24.5,19.6,2021-07-10 20:54:00+00:00,31.7,2021-07-11 06:47:00+00:00,7.5,,,10.9,2021-07-11 10:46:00+00:00,1.3,92.1,1438,823,128.5558,36.2493
2021-07-12,26.3,20.8,2021-07-11 20:29:00+00:00,33.4,2021-07-12 07:58:00+00:00,0.0,,,5.0,2021-07-12 10:45:00+00:00,0.9,184.6,1440,823,128.5558,36.2493
2021-07-13,27.8,21.8,2021-07-12 19:49:00+00:00,34.1,2021-07-13 08:05:00+00:00,0.0,,,4.9,2021-07-13 02:55:00+00:00,0.9,261.2,1439,823,128.5558,36.2493
2021-07-14,28.6,22.5,2021-07-13 20:17:00+00:00,34.7,2021-07-14 07:11:00+00:00,0.0,,,5.0,2021-07-14 03:23:00+00:00,0.9,231.4,1440,823,128.5558,36.2493
2021-07-15,25.5,22.6,2021-07-15 05:27:00+00:00,33.8,2021-07-15 04:17:00+00:00,10.5,,,19.4,2021-07-15 05:00:00+00:00,1.3,49.0,1440,823,128.5558,36.2493
2021-07-16,26.3,21.8,2021-07-15 20:42:00+00:00,33.2,2021-07-16 05:19:00+00:00,0.0,,,6.4,2021-07-16 07:44:00+00:00,1.4,120.2,1438,823,128.5558,36.2493
2021-07-17,25.5,21.7,2021-07-16 20:59:00+00:00,30.0,2021-07-17 07:52:00+00:00,0.0,,,10.6,2021-07-17 02:39:00+00:00,1.8,122.9,1439,823,128.5558,36.2493
2021-07-18,26.3,21.3,2021-07-17 18:17:00+00:00,31.9,2021-07-18 05:59:00+00:00,0.0,,,8.0,2021-07-18 08:51:00+00:00,1.6,129.6,1439,823,128.5558,36.2493
2021-07-19,26.3,22.7,2021-07-18 18:46:00+00:00,31.0,2021-07-19 08:14:00+00:00,0.0,,,3.1,2021-07-19 05:24:00+00:00,0.7,326.8,1440,823,128.5558,36.2493
2021-07-20,27.6,23.0,2021-07-19 20:33:00+00:00,33.6,2021-07-20 06:02:00+00:00,0.0,,,6.4,2021-07-20 05:25:00+00:00,1.0,112.0,1439,823,128.5558,36.2493
2021-07-21,26.5,21.1,2021-07-20 19:34:00+00:00,33.4,2021-07-21 04:34:00+00:00,0.0,,,8.0,2021-07-21 06:33:00+00:00,1.4,91.6,1428,823,128.5558,36.2493
2021-07-22,26.6,20.3,2021-07-21 20:27:00+00:00,33.4,2021-07-22 06:23:00+00:00,0.0,,,5.4,2021-07-22 07:54:00+00:00,1.2,207.0,1175,823,128.5558,36.2493
2021-07-23,26.8,21.0,2021-07-22 20:06:00+00:00,33.5,2021-07-23 04:57:00+00:00,0.0,,,7.2,2021-07-23 05:03:00+00:00,1.5,211.4,1440,823,128.5558,36.2493
2021-07-24,27.3,22.0,2021-07-23 20:05:00+00:00,33.6,2021-07-24 07:31:00+00:00,0.0,,,6.6,2021-07-24 10:00:00+00:00,1.4,161.9,1440,823,128.5558,36.2493
2021-07-25,26.4,21.1,2021-07-24 20:22:00+00:00,32.2,2021-07-25 07:40:00+00:00,0.0,,,5.9,2021-07-25 02:38:00+00:00,1.4,157.5,1440,823,128.5558,36.2493
2021-07-26,27.2,20.8,2021-07-25 20:02:00+00:00,33.8,2021-07-26 05:43:00+00:00,0.0,,,9.6,2021-07-26 05:33:00+00:00,1.7,201.3,1439,823,128.5558,36.2493
2021-07-27,27.4,20.5,2021-07-26 20:00:00+00:00,35.1,2021-07-27 05:29:00+00:00,0.0,,,6.7,2021-07-27 07:55:00+00:00,1.3,117.8,1440,823,128.5558,36.2493
2021-07-28,27.7,21.1,2021-07-27 20:42:00+00:00,35.1,2021-07-28 05:52:00+00:00,0.0,,,6.8,2021-07-28 08:29:00+00:00,1.3,181.8,1439,823,128.5558,36.2493
2021-07-29,28.1,22.2,2021-07-28 19:24:00+00:00,35.8,2021-07-29 06:18:00+00:00,0.0,,,7.3,2021-07-29 04:09:00+00:00,1.0,306.3,1438,823,128.5558,36.2493
2021-07-30,28.8,23.0,2021-07-29 20:34:00+00:00,35.7,2021-07-30 07:10:00+00:00,0.0,,,5.4,2021-07-30 05:51:00+00:00,1.1,276.4,1440,823,128.5558,36.2493
2021-07-31,29.4,22.6,2021-07-30 20:12:00+00:00,36.3,2021-07-31 06:04:00+00:00,0.0,,,5.5,2021-07-31 08:02:00+00:00,0.9,34.2,1438,823,128.5558,36.2493
2021-08-01,27.2,23.9,2021-08-01 07:12:00+00:00,35.6,2021-08-01 04:29:00+00:00,27.5,,,9.3,2021-08-01 06:00:00+00:00,1.0,127.6,1439,823,128.5558,36.2493
2021-08-02,26.1,23.8,2021-08-02 12:57:00+00:00,33.3,2021-08-02 04:54:00+00:00,12.5,,,8.2,2021-08-02 05:56:00+00:00,1.1,341.7,1379,823,128.5558,36.2493
2021-08-03,27.2,23.6,2021-08-02 16:55:00+00:00,33.2,2021-08-03 07:15:00+00:00,0.0,,,4.1,2021-08-03 06:43:00+00:00,0.8,343.0,1440,823,128.5558,36.2493
2021-08-04,28.5,23.3,2021-08-03 20:59:00+00:00,34.7,2021-08-04 07:32:00+00:00,0.0,,,5.0,2021-08-04 05:43:00+00:00,0.7,290.1,1439,823,128.5558,36.2493
2021-08-05,29.3,23.6,2021-08-04 20:25:00+00:00,35.5,2021-08-05 05:29:00+00:00,0.0,,,4.0,2021-08-05 06:30:00+00:00,0.9,276.0,1440,823,128.5558,36.2493
2021-08-06,28.1,22.8,2021-08-06 14:25:00+00:00,36.3,2021-08-06 06:20:00+00:00,6.5,,,8.9,2021-08-06 09:45:00+00:00,1.2,45.1,1440,823,128.5558,36.2493
2021-08-07,27.5,22.5,2021-08-06 20:48:00+00:00,35.2,2021-08-07 06:08:00+00:00,2.5,,,13.1,2021-08-07 13:21:00+00:00,1.1,221.4,1440,823,128.5558,36.2493
2021-08-08,25.0,22.2,2021-08-07 19:29:00+00:00,30.0,2021-08-08 01:59:00+00:00,0.0,,,7.7,2021-08-08 04:09:00+00:00,1.5,145.3,1440,823,128.5558,36.2493
2021-08-09,26.4,22.2,2021-08-08 19:30:00+00:00,32.1,2021-08-09 07:17:00+00:00,0.0,,,7.2,2021-08-09 03:52:00+00:00,1.6,264.2,1439,823,128.5558,36.2493
2021-08-10,23.9,20.4,2021-08-10 01:19:00+00:00,27.7,2021-08-10 04:58:00+00:00,7.0,,,7.0,2021-08-10 00:16:00+00:00,1.4,196.2,1438,823,128.5558,36.2493
2021-08-11,25.9,22.0,2021-08-10 18:19:00+00:00,32.2,2021-08-11 06:10:00+00:00,0.0,,,6.2,2021-08-11 07:02:00+00:00,0.9,137.1,1437,823,128.5558,36.2493
2021-08-12,25.1,21.8,2021-08-11 18:04:00+00:00,32.1,2021-08-12 06:02:00+00:00,0.0,,,6.8,2021-08-12 08:01:00+00:00,,76.5,1440,823,128.5558,36.2493
2021-08-13,24.7,21.4,2021-08-12 19:40:00+00:00,30.3,2021-08-13 05:18:00+00:00,0.0,,,6.2,2021-08-13 07:14:00+00:00,0.7,115.8,1439,823,128.5558,36.2493
2021-08-14,22.3,20.0,2021-08-14 14:45:00+00:00,27.8,2021-08-14 07:19:00+00:00,19.5,,,12.1,2021-08-14 08:43:00+00:00,,46.7,1440,823,128.5558,36.2493
2021-08-15,22.5,19.3,2021-08-14 18:54:00+00:00,26.5,2021-08-15 02:58:00+00:00,0.5,,,4.4,2021-08-15 08:41:00+00:00,0.9,180.3,1440,823,128.5558,36.2493
2021-08-16,23.4,19.6,2021-08-15 20:35:00+00:00,28.2,2021-08-16 04:34:00+00:00,0.0,,,9.6,2021-08-16 03:15:00+00:00,1.8,137.9,1440,823,128.5558,36.2493
2021-08-17,23.4,19.4,2021-08-16 20:49:00+00:00,29.3,2021-08-17 05:30:00+00:00,0.0,,,11.0,2021-08-17 06:25:00+00:00,1.9,64.5,1440,823,128.5558,36.2493
2021-08-18,22.5,19.6,2021-08-17 21:08:00+00:00,27.2,2021-08-18 05:48:00+00:00,1.5,,,8.9,2021-08-18 04:47:00+00:00,1.3,56.6,1440,823,128.5558,36.2493
2021-08-19,22.5,19.6,2021-08-18 19:46:00+00:00,25.9,2021-08-19 05:54:00+00:00,0.0,,,7.3,2021-08-19 08:11:00+00:00,1.0,45.0,1440,823,128.5558,36.2493
2021-08-20,24.4,19.3,2021-08-19 19:56:00+00:00,30.6,2021-08-20 06:48:00+00:00,0.0,,,6.3,2021-08-20 09:00:00+00:00,1.2,149.5,1439,823,128.5558,36.2493
2021-08-21,22.8,21.1,2021-08-20 19:32:00+00:00,25.8,2021-08-21 05:12:00+00:00,18.0,,,11.4,2021-08-21 05:48:00+00:00,1.8,207.3,1440,823,128.5558,36.2493
2021-08-22,24.2,20.3,2021-08-21 21:05:00+00:00,28.7,2021-08-22 05:55:00+00:00,0.0,,,7.6,2021-08-22 01:44:00+00:00,1.3,250.5,1440,823,128.5558,36.2493
2021-08-23,22.3,21.0,2021-08-22 19:08:00+00:00,24.7,2021-08-23 03:23:00+00:00,44.0,,,6.5,2021-08-23 09:16:00+00:00,0.7,47.9,1440,823,128.5558,36.2493
2021-08-24,22.9,20.9,2021-08-23 16:55:00+00:00,27.9,2021-08-24 07:13:00+00:00,33.5,,,7.1,2021-08-24 04:07:00+00:00,0.9,268.6,1440,823,128.5558,36.2493
2021-08-25,23.9,21.7,2021-08-25 14:06:00+00:00,27.4,2021-08-25 08:52:00+00:00,4.0,,,7.2,2021-08-25 10:15:00+00:00,0.7,6.0,1440,823,128.5558,36.2493
2021-08-26,24.6,20.4,2021-08-25 21:25:00+00:00,31.6,2021-08-26 05:47:00+00:00,0.5,,,4.4,2021-08-25 15:16:00+00:00,0.6,40.1,1437,823,128.5558,36.2493
2021-08-27,21.7,20.0,2021-08-27 12:51:00+00:00,24.3,2021-08-27 05:11:00+00:00,31.5,,,6.3,2021-08-27 08:24:00+00:00,1.0,206.7,1440,823,128.5558,36.2493
2021-08-28,23.3,19.9,2021-08-27 21:02:00+00:00,29.6,2021-08-28 05:29:00+00:00,0.0,,,5.1,2021-08-28 03:25:00+00:00,0.6,3.6,1440,823,128.5558,36.2493
2021-08-29,21.6,19.9,2021-08-29 02:31:00+00:00,23.5,2021-08-29 07:08:00+00:00,9.5,,,5.2,2021-08-28 23:43:00+00:00,0.4,11.2,1440,823,128.5558,36.2493
2021-08-30,22.5,19.7,2021-08-29 20:24:00+00:00,27.4,2021-08-30 05:17:00+00:00,0.0,,,4.3,2021-08-30 04:46:00+00:00,,265.1,1439,823,128.5558,36.2493
2021-08-31,22.0,19.1,2021-08-30 18:38:00+00:00,26.6,2021-08-31 05:08:00+00:00,9.0,,,4.7,2021-08-31 09:33:00+00:00,1.0,344.6,1440,823,128.5558,36.2493
2021-09-01,20.9,19.9,2021-08-31 20:13:00+00:00,22.6,2021-09-01 04:55:00+00:00,67.5,,,5.8,2021-09-01 00:34:00+00:00,1.5,340.2,1438,823,128.5558,36.2493
2021-09-02,21.2,19.5,2021-09-02 14:56:00+00:00,24.2,2021-09-02 02:06:00+00:00,0.0,,,4.7,2021-09-02 06:28:00+00:00,0.7,108.4,1440,823,128.5558,36.2493
2021-09-03,20.7,17.5,2021-09-03 14:58:00+00:00,24.2,2021-09-03 03:28:00+00:00,0.0,,,5.5,2021-09-03 05:19:00+00:00,1.0,146.0,1440,823,128.5558,36.2493
2021-09-04,20.5,15.8,2021-09-03 20:34:00+00:00,27.2,2021-09-04 05:53:00+00:00,0.0,,,5.9,2021-09-04 04:46:00+00:00,,92.6,1439,823,128.5558,36.2493
2021-09-05,20.2,15.3,2021-09-04 19:23:00+00:00,26.4,2021-09-05 03:39:00+00:00,0.5,,,7.2,2021-09-05 05:33:00+00:00,1.1,44.1,1440,823,128.5558,36.2493
2021-09-06,20.8,18.5,2021-09-05 17:07:00+00:00,24.6,2021-09-06 04:41:00+00:00,5.5,,,10.1,2021-09-06 04:59:00+00:00,1.5,64.9,1440,823,128.5558,36.2493
2021-09-07,20.8,18.4,2021-09-06 16:15:00+00:00,23.3,2021-09-07 05:14:00+00:00,7.0,,,4.0,2021-09-07 04:00:00+00:00,0.4,336.0,1439,823,128.5558,36.2493
2021-09-08,22.2,17.9,2021-09-08 14:38:00+00:00,27.6,2021-09-08 03:41:00+00:00,0.0,,,6.4,2021-09-08 03:11:00+00:00,1.0,236.0,1439,823,128.5558,36.2493
2021-09-09,21.1,16.2,2021-09-08 20:45:00+00:00,28.3,2021-09-09 06:51:00+00:00,0.0,,,4.3,2021-09-09 06:21:00+00:00,0.7,33.3,1440,823,128.5558,36.2493
2021-09-10,21.7,18.8,2021-09-09 20:46:00+00:00,27.3,2021-09-10 07:31:00+00:00,0.0,,,4.9,2021-09-10 08:20:00+00:00,0.6,204.7,1440,823,128.5558,36.2493
2021-09-11,21.8,17.2,2021-09-10 21:39:00+00:00,30.2,2021-09-11 06:15:00+00:00,0.0,,,3.2,2021-09-11 02:14:00+00:00,0.4,323.8,1440,823,128.5558,36.2493
2021-09-12,22.3,16.4,2021-09-11 20:36:00+00:00,29.9,2021-09-12 04:40:00+00:00,0.0,,,5.8,2021-09-12 10:14:00+00:00,0.9,165.6,1439,823,128.5558,36.2493
2021-09-13,21.2,17.4,2021-09-13 14:57:00+00:00,27.3,2021-09-13 03:48:00+00:00,0.0,,,6.5,2021-09-13 05:03:00+00:00,1.2,134.9,1438,823,128.5558,36.2493
2021-09-14,20.0,16.3,2021-09-14 14:50:00+00:00,24.1,2021-09-14 05:01:00+00:00,0.0,,,7.5,2021-09-14 07:20:00+00:00,1.3,79.2,1440,823,128.5558,36.2493
2021-09-15,19.8,14.6,2021-09-14 21:01:00+00:00,27.6,2021-09-15 03:57:00+00:00,0.0,,,9.1,2021-09-15 01:27:00+00:00,2.0,97.7,1440,823,128.5558,36.2493
2021-09-16,20.2,13.6,2021-09-15 18:21:00+00:00,26.6,2021-09-16 05:25:00+00:00,0.0,,,6.8,2021-09-16 02:57:00+00:00,1.2,111.9,1440,823,128.5558,36.2493
2021-09-17,19.0,17.6,2021-09-16 21:00:00+00:00,21.5,2021-09-17 07:03:00+00:00,29.5,,,7.6,2021-09-17 00:45:00+00:00,1.8,59.2,1439,823,128.5558,36.2493
2021-09-18,20.1,16.3,2021-09-17 21:09:00+00:00,26.8,2021-09-18 07:10:00+00:00,0.0,,,6.4,2021-09-18 04:00:00+00:00,1.0,37.5,1440,823,128.5558,36.2493
2021-09-19,20.1,15.5,2021-09-18 20:54:00+00:00,27.8,2021-09-19 05:33:00+00:00,0.0,,,4.4,2021-09-19 01:43:00+00:00,0.8,252.1,1440,823,128.5558,36.2493
2021-09-20,21.0,15.0,2021-09-19 21:17:00+00:00,26.4,2021-09-20 05:25:00+00:00,0.0,,,8.2,2021-09-20 07:52:00+00:00,,134.8,1440,823,128.5558,36.2493
2021-09-21,21.1,18.4,2021-09-20 18:42:00+00:00,25.3,2021-09-21 07:38:00+00:00,2.5,,,5.2,2021-09-20 15:16:00+00:00,0.8,144.4,1187,823,128.5558,36.2493
2021-09-22,21.4,17.5,2021-09-22 14:32:00+00:00,28.0,2021-09-22 06:43:00+00:00,0.0,,,11.8,2021-09-22 06:22:00+00:00,1.9,258.6,1439,823,128.5558,36.2493
2021-09-23,19.3,13.9,2021-09-22 21:12:00+00:00,25.7,2021-09-23 05:40:00+00:00,0.0,,,9.1,2021-09-23 01:37:00+00:00,1.7,252.0,1440,823,128.5558,36.2493
2021-09-24,18.6,14.2,2021-09-23 18:49:00+00:00,25.8,2021-09-24 04:04:00+00:00,0.0,,,7.3,2021-09-24 07:17:00+00:00,1.2,69.6,1440,823,128.5558,36.2493
2021-09-25,18.6,14.5,2021-09-24 18:07:00+00:00,23.3,2021-09-25 05:50:00+00:00,0.5,,,9.9,2021-09-25 06:22:00+00:00,1.3,70.3,1440,823,128.5558,36.2493
2021-09-26,18.8,15.2,2021-09-25 19:30:00+00:00,24.4,2021-09-26 02:57:00+00:00,0.0,,,5.2,2021-09-26 05:46:00+00:00,1.2,86.5,1439,823,128.5558,36.2493
2021-09-27,19.7,15.3,2021-09-26 21:45:00+00:00,24.5,2021-09-27 06:36:00+00:00,0.0,,,4.7,2021-09-27 02:51:00+00:00,1.2,114.5,1440,823,128.5558,36.2493
2021-09-28,20.7,17.1,2021-09-27 21:19:00+00:00,25.0,2021-09-28 04:47:00+00:00,0.0,,,4.2,2021-09-28 04:14:00+00:00,1.1,69.8,1439,823,128.5558,36.2493
2021-09-29,21.5,19.3,2021-09-28 19:42:00+00:00,27.3,2021-09-29 04:47:00+00:00,8.0,,,8.8,2021-09-29 05:42:00+00:00,1.1,6.5,1438,823,128.5558,36.2493
2021-09-30,20.9,16.4,2021-09-30 14:49:00+00:00,28.0,2021-09-30 05:56:00+00:00,4.5,,,5.8,2021-09-29 15:31:00+00:00,1.2,205.6,1440,823,128.5558,36.2493
2021-10-01,18.8,14.9,2021-09-30 20:30:00+00:00,27.6,2021-10-01 06:46:00+00:00,0.0,,,2.9,2021-10-01 04:01:00+00:00,0.8,209.9,1439,823,128.5558,36.2493
2021-10-02,19.9,15.1,2021-10-01 21:35:00+00:00,27.8,2021-10-02 06:08:00+00:00,0.0,,,6.1,2021-10-02 04:30:00+00:00,1.1,253.2,1440,823,128.5558,36.2493
2021-10-03,19.2,13.8,2021-10-02 21:43:00+00:00,29.7,2021-10-03 05:07:00+00:00,0.0,,,4.1,2021-10-03 06:30:00+00:00,0.8,248.7,1440,823,128.5558,36.2493
2021-10-04,21.4,13.3,2021-10-03 18:21:00+00:00,29.1,2021-10-04 06:14:00+00:00,0.0,,,8.3,2021-10-04 03:10:00+00:00,1.2,203.6,1440,823,128.5558,36.2493
2021-10-05,21.4,16.9,2021-10-04 21:40:00+00:00,29.5,2021-10-05 05:57:00+00:00,0.0,,,6.4,2021-10-05 06:23:00+00:00,1.0,6.7,1440,823,128.5558,36.2493
2021-10-06,19.6,15.4,2021-10-05 21:30:00+00:00,24.2,2021-10-06 02:13:00+00:00,0.0,,,5.6,2021-10-06 04:01:00+00:00,1.4,58.8,1440,823,128.5558,36.2493
2021-10-07,20.9,17.1,2021-10-06 21:41:00+00:00,27.5,2021-10-07 03:35:00+00:00,0.0,,,8.6,2021-10-07 07:56:00+00:00,1.0,32.2,1440,823,128.5558,36.2493
2021-10-08,19.9,18.0,2021-10-07 21:00:00+00:00,22.6,2021-10-08 02:51:00+00:00,0.5,,,3.8,2021-10-08 06:11:00+00:00,1.0,122.3,1440,823,128.5558,36.2493
2021-10-09,21.8,18.8,2021-10-08 18:17:00+00:00,27.3,2021-10-09 03:52:00+00:00,0.0,,,5.3,2021-10-09 03:23:00+00:00,1.1,167.7,1440,823,128.5558,36.2493
2021-10-10,22.8,17.9,2021-10-09 16:41:00+00:00,29.9,2021-10-10 05:45:00+00:00,1.0,,,7.2,2021-10-10 06:07:00+00:00,1.0,231.8,1440,823,128.5558,36.2493
2021-10-11,15.4,13.7,2021-10-11 00:45:00+00:00,22.7,2021-10-10 15:01:00+00:00,25.5,,,8.1,2021-10-10 16:53:00+00:00,1.7,235.4,1440,823,128.5558,36.2493
2021-10-12,15.2,14.1,2021-10-12 00:03:00+00:00,16.9,2021-10-12 04:54:00+00:00,3.0,,,6.6,2021-10-11 20:26:00+00:00,1.7,42.8,1440,823,128.5558,36.2493
2021-10-13,16.9,14.3,2021-10-12 15:49:00+00:00,21.3,2021-10-13 02:34:00+00:00,0.0,,,6.1,2021-10-13 07:40:00+00:00,1.0,89.9,1439,823,128.5558,36.2493
2021-10-14,17.2,13.4,2021-10-13 20:54:00+00:00,25.4,2021-10-14 06:34:00+00:00,0.0,,,6.3,2021-10-14 03:47:00+00:00,0.9,267.3,1440,823,128.5558,36.2493
2021-10-15,17.8,14.3,2021-10-14 15:36:00+00:00,21.6,2021-10-15 02:52:00+00:00,8.5,,,3.6,2021-10-15 04:43:00+00:00,1.0,355.3,1440,823,128.5558,36.2493
2021-10-16,12.9,6.7,2021-10-16 14:50:00+00:00,17.0,2021-10-16 05:18:00+00:00,12.0,,,8.7,2021-10-16 10:35:00+00:00,2.0,270.0,1440,823,128.5558,36.2493
2021-10-17,5.7,0.5,2021-10-16 21:48:00+00:00,13.1,2021-10-17 05:31:00+00:00,0.0,,,6.1,2021-10-16 16:33:00+00:00,1.5,15.0,1440,823,128.5558,36.2493
2021-10-18,6.7,-0.3,2021-10-17 21:35:00+00:00,16.9,2021-10-18 07:02:00+00:00,0.0,,,3.8,2021-10-18 05:20:00+00:00,1.0,294.4,1439,823,128.5558,36.2493
2021-10-19,8.6,4.0,2021-10-18 21:27:00+00:00,17.4,2021-10-19 04:33:00+00:00,1.0,,,9.0,2021-10-19 05:24:00+00:00,1.5,275.0,1437,823,128.5558,36.2493
2021-10-20,7.6,3.6,2021-10-19 22:43:00+00:00,15.7,2021-10-20 06:03:00+00:00,0.0,,,4.7,2021-10-20 05:49:00+00:00,1.0,296.7,1439,823,128.5558,36.2493
2021-10-21,8.4,2.8,2021-10-20 21:09:00+00:00,17.1,2021-10-21 06:00:00+00:00,0.0,,,4.1,2021-10-21 05:13:00+00:00,0.8,275.0,1440,823,128.5558,36.2493
2021-10-22,9.1,4.2,2021-10-21 22:03:00+00:00,17.5,2021-10-22 05:23:00+00:00,0.5,,,9.1,2021-10-22 08:42:00+00:00,1.3,60.8,1437,823,128.5558,36.2493
2021-10-23,8.6,3.8,2021-10-23 14:51:00+00:00,18.4,2021-10-23 06:57:00+00:00,0.0,,,3.7,2021-10-23 04:10:00+00:00,1.0,296.6,1440,823,128.5558,36.2493
2021-10-24,8.2,2.3,2021-10-23 21:40:00+00:00,18.8,2021-10-24 05:42:00+00:00,0.0,,,4.6,2021-10-24 05:08:00+00:00,0.8,50.6,1440,823,128.5558,36.2493
2021-10-25,8.6,3.4,2021-10-24 22:07:00+00:00,18.8,2021-10-25 05:55:00+00:00,0.0,,,5.8,2021-10-25 06:05:00+00:00,0.8,351.8,1440,823,128.5558,36.2493
2021-10-26,9.2,2.5,2021-10-25 21:37:00+00:00,18.8,2021-10-26 06:18:00+00:00,0.0,,,4.8,2021-10-26 05:27:00+00:00,0.7,179.0,1439,823,128.5558,36.2493
2021-10-27,10.8,5.3,2021-10-27 14:46:00+00:00,20.6,2021-10-27 04:27:00+00:00,0.0,,,6.7,2021-10-27 03:20:00+00:00,1.0,120.6,1439,823,128.5558,36.2493
2021-10-28,9.6,1.1,2021-10-27 21:21:00+00:00,20.1,2021-10-28 06:15:00+00:00,0.0,,,4.4,2021-10-28 06:23:00+00:00,0.9,246.7,1439,823,128.5558,36.2493
2021-10-29,10.4,3.5,2021-10-28 20:26:00+00:00,18.6,2021-10-29 04:20:00+00:00,0.0,,,5.0,2021-10-29 03:23:00+00:00,1.1,143.9,1438,823,128.5558,36.2493
2021-10-30,9.4,5.1,2021-10-29 20:51:00+00:00,16.5,2021-10-30 04:57:00+00:00,0.0,,,3.0,2021-10-30 06:15:00+00:00,0.4,8.1,1440,823,128.5558,36.2493
2021-10-31,10.4,5.8,2021-10-30 19:46:00+00:00,19.8,2021-10-31 05:33:00+00:00,0.0,,,4.5,2021-10-31 05:40:00+00:00,0.7,37.3,1440,823,128.5558,36.2493
2021-11-01,10.7,5.3,2021-10-31 21:52:00+00:00,19.9,2021-11-01 04:44:00+00:00,0.0,,,9.7,2021-11-01 03:57:00+00:00,1.1,246.1,1440,823,128.5558,36.2493
2021-11-02,9.2,4.2,2021-11-01 22:42:00+00:00,18.0,2021-11-02 04:59:00+00:00,0.0,,,7.6,2021-11-02 04:03:00+00:00,1.1,33.7,1439,823,128.5558,36.2493
2021-11-03,8.8,2.9,2021-11-02 20:59:00+00:00,18.9,2021-11-03 05:34:00+00:00,0.0,,,6.7,2021-11-03 05:45:00+00:00,1.0,251.4,1440,823,128.5558,36.2493
2021-11-04,9.3,2.2,2021-11-03 21:59:00+00:00,19.2,2021-11-04 05:44:00+00:00,0.0,,,6.3,2021-11-04 03:46:00+00:00,0.8,333.1,1439,823,128.5558,36.2493
2021-11-05,9.7,2.4,2021-11-04 19:42:00+00:00,19.4,2021-11-05 05:02:00+00:00,0.0,,,3.8,2021-11-05 03:29:00+00:00,0.6,302.8,1439,823,128.5558,36.2493
2021-11-06,10.5,4.7,2021-11-05 17:12:00+00:00,20.8,2021-11-06 04:53:00+00:00,0.0,,,6.4,2021-11-06 06:29:00+00:00,0.8,63.8,1440,823,128.5558,36.2493
2021-11-07,10.9,3.7,2021-11-06 20:25:00+00:00,20.0,2021-11-07 04:14:00+00:00,0.0,,,8.8,2021-11-07 07:04:00+00:00,1.1,68.6,1438,823,128.5558,36.2493
2021-11-08,8.6,6.8,2021-11-08 11:54:00+00:00,14.1,2021-11-08 01:22:00+00:00,16.5,,,18.3,2021-11-08 01:23:00+00:00,2.3,263.7,1440,823,128.5558,36.2493
2021-11-09,7.8,5.6,2021-11-08 21:05:00+00:00,11.9,2021-11-09 05:15:00+00:00,0.0,,,12.8,2021-11-09 04:54:00+00:00,3.3,263.0,1440,823,128.5558,36.2493
2021-11-10,5.9,3.7,2021-11-09 21:40:00+00:00,7.6,2021-11-09 15:32:00+00:00,1.5,,,9.4,2021-11-09 17:33:00+00:00,2.6,269.1,1440,823,128.5558,36.2493
2021-11-11,6.6,2.0,2021-11-11 14:51:00+00:00,11.2,2021-11-11 03:10:00+00:00,0.0,,,10.5,2021-11-11 01:43:00+00:00,2.7,266.7,1440,823,128.5558,36.2493
2021-11-12,4.9,0.3,2021-11-12 14:47:00+00:00,9.2,2021-11-12 03:35:00+00:00,0.0,,,10.6,2021-11-12 05:56:00+00:00,2.2,252.5,1438,823,128.5558,36.2493
2021-11-13,5.1,-2.5,2021-11-12 21:22:00+00:00,14.7,2021-11-13 04:59:00+00:00,0.0,,,9.8,2021-11-13 03:30:00+00:00,1.1,249.3,1440,823,128.5558,36.2493
2021-11-14,6.9,-0.4,2021-11-13 22:17:00+00:00,17.4,2021-11-14 05:39:00+00:00,0.0,,,8.0,2021-11-14 04:35:00+00:00,1.3,341.0,1438,823,128.5558,36.2493
2021-11-15,6.6,0.1,2021-11-14 20:56:00+00:00,16.0,2021-11-15 04:34:00+00:00,0.0,,,5.7,2021-11-15 03:46:00+00:00,0.7,61.7,1440,823,128.5558,36.2493
2021-11-16,6.0,-0.8,2021-11-15 22:14:00+00:00,16.6,2021-11-16 06:16:00+00:00,0.0,,,6.8,2021-11-16 04:27:00+00:00,0.9,63.6,1440,823,128.5558,36.2493
2021-11-17,5.4,-2.1,2021-11-16 21:55:00+00:00,13.9,2021-11-17 06:04:00+00:00,0.0,,,4.9,2021-11-17 03:21:00+00:00,1.0,341.1,1440,823,128.5558,36.2493
2021-11-18,7.6,0.2,2021-11-17 19:57:00+00:00,17.6,2021-11-18 06:14:00+00:00,0.0,,,7.9,2021-11-18 05:59:00+00:00,1.1,8.4,1440,823,128.5558,36.2493
2021-11-19,8.3,0.8,2021-11-18 22:34:00+00:00,18.2,2021-11-19 04:57:00+00:00,0.0,,,8.9,2021-11-19 05:45:00+00:00,1.3,240.5,1440,823,128.5558,36.2493
2021-11-20,7.2,2.1,2021-11-19 20:04:00+00:00,17.0,2021-11-20 06:18:00+00:00,0.0,,,4.4,2021-11-20 03:56:00+00:00,0.7,179.9,1439,823,128.5558,36.2493
2021-11-21,7.9,3.3,2021-11-20 15:35:00+00:00,13.9,2021-11-21 05:35:00+00:00,0.0,,,4.4,2021-11-21 02:20:00+00:00,0.9,3.5,1439,823,128.5558,36.2493
2021-11-22,5.8,1.5,2021-11-22 12:42:00+00:00,9.5,2021-11-21 18:25:00+00:00,0.0,,,11.8,2021-11-22 02:27:00+00:00,2.9,283.6,1440,823,128.5558,36.2493
2021-11-23,2.8,-0.8,2021-11-22 22:19:00+00:00,5.0,2021-11-23 03:36:00+00:00,0.0,,,12.9,2021-11-23 02:25:00+00:00,2.7,259.1,1440,823,128.5558,36.2493
2021-11-24,5.4,0.3,2021-11-23 22:05:00+00:00,12.4,2021-11-24 03:55:00+00:00,0.0,,,14.3,2021-11-24 03:07:00+00:00,3.2,262.5,1440,823,128.5558,36.2493
2021-11-25,6.1,-0.5,2021-11-24 19:33:00+00:00,15.3,2021-11-25 04:46:00+00:00,0.0,,,10.9,2021-11-25 03:36:00+00:00,1.7,252.1,1440,823,128.5558,36.2493
2021-11-26,3.2,-3.2,2021-11-25 21:59:00+00:00,11.2,2021-11-26 05:03:00+00:00,0.0,,,9.0,2021-11-26 05:45:00+00:00,1.4,341.8,1440,823,128.5558,36.2493
2021-11-27,1.0,-4.5,2021-11-26 22:20:00+00:00,11.2,2021-11-27 06:20:00+00:00,0.0,,,4.1,2021-11-27 02:53:00+00:00,0.7,276.9,1440,823,128.5558,36.2493
2021-11-28,2.0,-5.9,2021-11-27 22:16:00+00:00,13.2,2021-11-28 05:34:00+00:00,0.0,,,4.8,2021-11-28 04:26:00+00:00,0.6,291.9,1440,823,128.5558,36.2493
2021-11-29,3.6,-4.9,2021-11-28 22:21:00+00:00,14.5,2021-11-29 04:03:00+00:00,0.0,,,5.1,2021-11-29 05:04:00+00:00,0.7,91.0,1438,823,128.5558,36.2493
2021-11-30,3.3,-1.5,2021-11-29 18:13:00+00:00,9.2,2021-11-30 08:17:00+00:00,15.5,,,14.2,2021-11-30 09:51:00+00:00,2.1,269.5,1440,823,128.5558,36.2493
2021-12-01,1.1,-3.4,2021-12-01 14:40:00+00:00,4.3,2021-12-01 04:24:00+00:00,0.0,,,14.1,2021-12-01 04:42:00+00:00,4.0,246.1,1439,823,128.5558,36.2493
2021-12-02,-0.5,-6.8,2021-12-01 21:50:00+00:00,7.3,2021-12-02 05:43:00+00:00,0.0,,,8.1,2021-12-02 04:48:00+00:00,1.4,252.4,1440,823,128.5558,36.2493
2021-12-03,3.1,-1.1,2021-12-02 15:01:00+00:00,9.1,2021-12-03 03:45:00+00:00,0.5,,,13.5,2021-12-03 03:25:00+00:00,2.3,256.4,1440,823,128.5558,36.2493
2021-12-04,1.2,-4.7,2021-12-03 20:53:00+00:00,8.8,2021-12-04 04:38:00+00:00,0.0,,,8.4,2021-12-04 03:16:00+00:00,1.6,244.6,1439,823,128.5558,36.2493
2021-12-05,0.9,-5.5,2021-12-04 21:52:00+00:00,11.5,2021-12-05 06:01:00+00:00,0.0,,,3.2,2021-12-05 06:45:00+00:00,0.5,345.0,1440,823,128.5558,36.2493
2021-12-06,2.8,-4.6,2021-12-05 21:47:00+00:00,12.9,2021-12-06 05:14:00+00:00,0.0,,,2.9,2021-12-06 03:37:00+00:00,0.6,342.9,1440,823,128.5558,36.2493
2021-12-07,3.5,-1.8,2021-12-06 19:20:00+00:00,13.6,2021-12-07 06:24:00+00:00,0.0,,,4.5,2021-12-07 05:06:00+00:00,0.9,343.5,1440,823,128.5558,36.2493
2021-12-08,3.2,-3.2,2021-12-07 22:27:00+00:00,12.9,2021-12-08 06:00:00+00:00,0.0,,,4.8,2021-12-08 05:38:00+00:00,0.8,257.0,1440,823,128.5558,36.2493
2021-12-09,3.1,-3.7,2021-12-08 22:54:00+00:00,10.6,2021-12-09 05:27:00+00:00,0.0,,,4.4,2021-12-09 04:09:00+00:00,0.7,119.7,1440,823,128.5558,36.2493
2021-12-10,3.9,-0.6,2021-12-09 18:14:00+00:00,9.8,2021-12-10 06:28:00+00:00,0.0,,,3.8,2021-12-10 06:09:00+00:00,0.7,332.7,1440,823,128.5558,36.2493
2021-12-11,5.6,1.0,2021-12-10 22:49:00+00:00,12.5,2021-12-11 06:07:00+00:00,0.0,,,4.2,2021-12-11 06:32:00+00:00,0.7,180.2,1440,823,128.5558,36.2493
2021-12-12,4.6,-2.2,2021-12-12 14:59:00+00:00,10.4,2021-12-12 04:29:00+00:00,0.0,,,14.7,2021-12-12 06:18:00+00:00,2.5,265.0,1440,823,128.5558,36.2493
2021-12-13,-2.3,-8.3,2021-12-12 22:40:00+00:00,4.4,2021-12-13 06:01:00+00:00,0.0,,,6.3,2021-12-13 02:38:00+00:00,1.4,151.9,1439,823,128.5558,36.2493
2021-12-14,0.4,-8.4,2021-12-13 21:01:00+00:00,8.8,2021-12-14 05:16:00+00:00,0.0,,,8.7,2021-12-14 03:13:00+00:00,1.0,256.0,1440,823,128.5558,36.2493
2021-12-15,4.1,-2.4,2021-12-14 18:59:00+00:00,14.0,2021-12-15 05:49:00+00:00,0.0,,,6.5,2021-12-15 03:51:00+00:00,1.3,255.4,1439,823,128.5558,36.2493
2021-12-16,3.2,-0.6,2021-12-15 17:08:00+00:00,10.8,2021-12-16 05:27:00+00:00,0.0,,,2.8,2021-12-15 22:59:00+00:00,0.6,141.0,1440,823,128.5558,36.2493
2021-12-17,-0.9,-7.6,2021-12-17 14:59:00+00:00,7.1,2021-12-16 17:25:00+00:00,0.0,,,15.7,2021-12-17 05:24:00+00:00,4.0,296.0,1440,823,128.5558,36.2493
2021-12-18,-5.6,-12.3,2021-12-17 22:43:00+00:00,2.2,2021-12-18 06:13:00+00:00,0.0,,,8.2,2021-12-18 06:45:00+00:00,1.6,259.4,1440,823,128.5558,36.2493
2021-12-19,-0.5,-5.5,2021-12-19 14:27:00+00:00,5.3,2021-12-19 05:15:00+00:00,0.0,,,11.7,2021-12-19 04:59:00+00:00,2.0,278.2,1440,823,128.5558,36.2493
2021-12-20,2.0,-6.3,2021-12-19 17:14:00+00:00,11.2,2021-12-20 04:29:00+00:00,0.0,,,11.1,2021-12-20 06:18:00+00:00,1.4,269.9,1440,823,128.5558,36.2493
2021-12-21,3.2,-3.2,2021-12-20 20:34:00+00:00,14.0,2021-12-21 05:38:00+00:00,0.0,,,7.6,2021-12-21 04:07:00+00:00,1.3,268.1,1440,823,128.5558,36.2493
2021-12-22,0.3,-6.3,2021-12-21 22:41:00+00:00,10.8,2021-12-22 05:35:00+00:00,0.0,,,4.0,2021-12-22 04:56:00+00:00,0.7,334.2,1440,823,128.5558,36.2493
2021-12-23,-0.3,-7.6,2021-12-22 22:47:00+00:00,9.8,2021-12-23 05:58:00+00:00,0.0,,,6.1,2021-12-23 04:18:00+00:00,0.8,340.0,1440,823,128.5558,36.2493
2021-12-24,2.0,-3.7,2021-12-23 21:30:00+00:00,8.4,2021-12-24 06:20:00+00:00,0.0,,,9.5,2021-12-24 09:22:00+00:00,1.2,351.9,1440,823,128.5558,36.2493
2021-12-25,-6.3,-9.8,2021-12-25 13:23:00+00:00,-0.2,2021-12-24 15:01:00+00:00,0.0,,,11.2,2021-12-25 05:59:00+00:00,3.1,120.4,1440,823,128.5558,36.2493
2021-12-26,-8.9,-14.6,2021-12-25 22:52:00+00:00,-3.8,2021-12-26 06:33:00+00:00,0.0,,,9.0,2021-12-26 02:36:00+00:00,2.3,10.4,1440,823,128.5558,36.2493
2021-12-27,-4.5,-12.3,2021-12-26 22:18:00+00:00,1.5,2021-12-27 06:19:00+00:00,0.0,,,10.4,2021-12-27 03:59:00+00:00,1.7,287.7,1440,823,128.5558,36.2493
2021-12-28,-1.5,-8.0,2021-12-27 22:42:00+00:00,5.9,2021-12-28 06:21:00+00:00,0.0,,,6.0,2021-12-28 06:35:00+00:00,0.8,176.6,1440,823,128.5558,36.2493
2021-12-29,1.3,-6.4,2021-12-28 17:50:00+00:00,8.3,2021-12-29 03:31:00+00:00,0.0,,,10.1,2021-12-29 07:50:00+00:00,1.9,262.2,1440,823,128.5558,36.2493
2021-12-30,-0.7,-2.9,2021-12-29 15:00:00+00:00,3.3,2021-12-30 04:23:00+00:00,0.0,,,10.7,2021-12-29 21:50:00+00:00,3.1,318.0,59,823,128.5558,36.2493
2021-12-31,-4.2,-8.9,2021-12-31 14:57:00+00:00,0.3,2021-12-31 05:29:00+00:00,0.0,,,11.9,2021-12-31 04:08:00+00:00,3.2,268.3,0,823,128.5558,36.2493
