dt,ta,tn,tn_at,tx,tx_at,rn,rx_1hr,rx_1hr_at,wx,wx_at,wa,wd_wx,nmin,code,x,y
2001-12-28,3.9,-0.2,2001-12-28 14:48:00+00:00,8.4,2001-12-28 04:51:00+00:00,0.0,,,10.7,,2.6,351.1,1417,713,127.5829,34.976
2001-12-28,-4.0,-9.3,2001-12-27 21:16:00+00:00,3.2,2001-12-28 04:21:00+00:00,0.0,,,5.3,,0.8,321.6,1433,616,126.65,36.9
2001-12-28,-3.9,-9.3,2001-12-27 22:51:00+00:00,3.7,2001-12-28 06:13:00+00:00,0.0,,,7.1,,1.0,271.1,1432,626,127.8156,36.3709
2001-12-28,-2.7,-7.6,2001-12-27 22:55:00+00:00,2.9,2001-12-28 06:17:00+00:00,0.0,,,4.4,,1.5,149.7,1432,628,126.8,36.6778
2001-12-28,-6.1,-12.3,2001-12-27 22:28:00+00:00,2.6,2001-12-28 06:37:00+00:00,0.0,,,6.2,,0.7,283.9,1430,630,127.7563,37.0451
2001-12-28,-3.5,-9.6,2001-12-27 22:51:00+00:00,4.9,2001-12-28 05:22:00+00:00,0.0,,,3.2,,0.1,324.0,1420,647,127.6695,36.1173
2001-12-28,-8.9,-15.9,2001-12-27 22:14:00+00:00,0.2,2001-12-28 06:37:00+00:00,0.0,,,4.2,,0.9,292.4,1404,651,127.1652,38.264
2001-12-28,-6.6,-13.4,2001-12-27 22:12:00+00:00,3.2,2001-12-28 05:37:00+00:00,0.0,,,3.1,,0.6,308.7,1422,652,127.0781,38.0265
2001-12-28,,,,,,0.0,,,,,,,55,656,126.1833,37.65
2001-12-28,-0.8,-5.9,2001-12-27 19:29:00+00:00,2.0,2001-12-28 05:25:00+00:00,0.0,,,6.0,,0.8,263.0,1252,664,126.4667,37.2667
2001-12-28,3.2,-0.3,2001-12-28 11:36:00+00:00,6.4,2001-12-28 04:40:00+00:00,0.0,,,8.9,,2.4,352.1,1388,698,126.2851,35.0938
2001-12-28,2.7,-1.1,2001-12-27 15:00:00+00:00,6.6,2001-12-28 03:59:00+00:00,0.0,,,3.4,,0.7,302.9,1428,699,126.4833,35.01
2001-12-28,3.8,2.9,2001-12-28 10:44:00+00:00,5.3,2001-12-28 03:07:00+00:00,0.0,,,11.3,,3.9,305.4,1427,700,125.9682,36.1251
2001-12-28,-3.6,,,,,0.0,,,,,,,813,701,127.67,36.0
2001-12-28,-0.6,-5.2,2001-12-27 17:48:00+00:00,5.5,2001-12-28 04:33:00+00:00,0.0,,,4.9,,0.8,29.3,1436,702,126.9943,35.9385
2001-12-28,-4.6,-9.8,2001-12-27 22:58:00+00:00,4.4,2001-12-28 04:58:00+00:00,0.0,,,8.0,,1.2,308.5,1428,703,127.3783,35.7702
2001-12-28,2.8,-0.2,2001-12-27 23:06:00+00:00,5.9,2001-12-28 00:42:00+00:00,0.0,,,7.6,,1.7,71.3,1422,704,126.463,35.6351
2001-12-28,1.4,-3.7,2001-12-28 14:39:00+00:00,7.1,2001-12-28 03:19:00+00:00,0.0,,,9.1,,1.6,290.5,1421,706,126.9731,35.3114
2001-12-28,2.8,0.2,2001-12-28 10:44:00+00:00,5.8,2001-12-28 04:27:00+00:00,0.0,,,8.6,,1.6,321.6,1417,707,126.2076,35.0612
2001-12-28,2.1,-2.6,2001-12-28 14:54:00+00:00,7.0,2001-12-28 05:25:00+00:00,0.0,,,9.6,,1.5,286.9,1421,708,126.7333,35.1167
2001-12-28,0.0,-6.1,2001-12-28 14:26:00+00:00,5.8,2001-12-28 06:18:00+00:00,0.0,,,8.6,,1.7,327.9,1423,709,127.4333,35.1833
2001-12-28,2.8,-0.9,2001-12-28 14:20:00+00:00,6.8,2001-12-28 03:02:00+00:00,0.0,,,6.3,,0.7,356.3,1434,710,126.7167,35.0167
2001-12-28,2.4,-3.2,2001-12-28 14:57:00+00:00,7.3,2001-12-28 04:27:00+00:00,0.0,,,10.0,,2.4,332.6,1415,711,126.9886,34.8879
2001-12-28,4.1,-0.4,2001-12-27 22:38:00+00:00,7.7,2001-12-28 03:52:00+00:00,0.0,,,10.1,,2.5,5.5,1430,712,127.4875,34.9506
2001-12-28,2.1,-2.6,2001-12-28 14:45:00+00:00,5.2,2001-12-28 06:50:00+00:00,0.0,,,7.9,,1.9,357.8,1415,715,126.2687,34.4795
2001-12-28,4.1,1.1,2001-12-27 21:45:00+00:00,6.4,2001-12-28 05:23:00+00:00,0.0,,,9.8,,2.7,335.4,1381,714,126.0474,34.8845
2001-12-28,3.5,0.9,2001-12-28 10:47:00+00:00,4.9,2001-12-28 01:01:00+00:00,0.5,,,7.5,,2.3,303.0,1434,716,126.0366,34.6069
2001-12-28,2.7,-1.0,2001-12-28 11:41:00+00:00,5.4,2001-12-28 01:51:00+00:00,0.5,,,8.0,,1.6,44.7,1432,717,126.1915,34.4
2001-12-28,4.0,2.0,2001-12-28 13:11:00+00:00,6.5,2001-12-28 04:28:00+00:00,0.5,,,9.8,,2.4,8.8,1387,718,126.05,34.2833
2001-12-28,2.9,1.1,2001-12-27 22:06:00+00:00,4.9,2001-12-28 06:11:00+00:00,0.0,,,10.5,,2.7,334.3,1434,719,126.4,35.82
2001-12-28,-1.4,-6.2,2001-12-28 14:37:00+00:00,4.5,2001-12-28 01:46:00+00:00,0.0,,,6.1,,1.1,346.2,1437,760,126.93,35.43
2001-12-28,3.0,-1.1,2001-12-28 14:34:00+00:00,6.8,2001-12-28 03:48:00+00:00,0.0,,,9.2,,1.9,311.4,1431,769,126.3729,35.2159
2001-12-28,0.3,-4.7,2001-12-28 14:45:00+00:00,5.1,2001-12-28 04:00:00+00:00,0.0,,,6.5,,0.6,355.8,1410,770,126.83,34.93
2001-12-28,3.1,1.0,2001-12-28 13:49:00+00:00,5.5,2001-12-28 06:21:00+00:00,0.5,,,9.6,,2.6,3.1,1421,771,126.12,34.75
2001-12-28,2.4,-0.7,2001-12-28 14:39:00+00:00,5.3,2001-12-28 02:02:00+00:00,0.5,,,11.2,,3.4,284.0,1422,772,126.3454,34.4858
2001-12-28,1.9,-2.8,2001-12-28 14:30:00+00:00,7.7,2001-12-28 03:32:00+00:00,0.0,,,6.8,,0.9,309.2,1418,773,126.5718,34.6993
2001-12-28,2.7,-1.7,2001-12-28 14:55:00+00:00,6.4,2001-12-28 04:36:00+00:00,0.0,,,7.5,,1.0,353.4,1427,774,126.5021,34.9308
2001-12-28,1.3,-3.4,2001-12-28 14:54:00+00:00,4.9,2001-12-28 05:33:00+00:00,0.0,,,8.1,,1.8,337.9,1414,775,126.6322,35.1801
2001-12-28,0.4,-5.2,2001-12-28 14:11:00+00:00,5.1,2001-12-28 05:21:00+00:00,0.0,,,9.1,,1.9,358.5,1405,776,126.5534,34.4602
2001-12-28,1.5,-2.8,2001-12-28 14:59:00+00:00,5.6,2001-12-28 05:26:00+00:00,0.0,,,11.7,,2.6,13.7,1385,777,126.8883,34.4994
2001-12-28,0.5,-4.5,2001-12-28 14:51:00+00:00,5.5,2001-12-28 03:29:00+00:00,0.0,,,7.8,,1.4,354.7,1410,778,126.88,34.78
2001-12-28,6.8,5.7,2001-12-27 23:34:00+00:00,8.1,2001-12-28 05:07:00+00:00,0.0,,,10.6,,4.4,345.0,1406,779,126.2673,33.4105
2001-12-28,6.8,5.7,2001-12-28 14:56:00+00:00,10.0,2001-12-28 03:59:00+00:00,0.0,,,11.7,,3.3,25.2,1434,780,126.7208,33.28
2001-12-28,5.9,4.5,2001-12-28 03:45:00+00:00,7.4,2001-12-28 03:09:00+00:00,0.5,,,12.3,,4.7,330.2,1438,781,126.8519,33.5226
2001-12-28,-0.7,-1.5,2001-12-27 15:59:00+00:00,2.0,2001-12-28 03:19:00+00:00,1.0,,,14.7,,3.4,0.6,1424,782,126.6194,33.3845
2001-12-28,2.3,-1.4,2001-12-28 14:58:00+00:00,7.3,2001-12-28 05:40:00+00:00,0.0,,,7.3,,1.3,282.5,1420,783,126.81,35.19
2001-12-28,2.4,-1.7,2001-12-28 14:43:00+00:00,7.4,2001-12-28 04:39:00+00:00,0.0,,,7.8,,1.9,298.1,1424,784,126.6071,34.8686
2001-12-28,2.0,-2.9,2001-12-28 14:33:00+00:00,5.2,2001-12-28 02:55:00+00:00,0.0,,,11.1,,3.1,294.9,1409,785,126.6761,34.4642
2001-12-28,4.0,1.8,2001-12-28 14:48:00+00:00,7.6,2001-12-28 06:06:00+00:00,0.0,,,11.9,,5.3,342.7,1420,786,127.72,34.62
2001-12-28,3.0,1.3,2001-12-27 17:12:00+00:00,6.5,2001-12-28 06:15:00+00:00,0.0,,,13.5,,5.7,314.6,1411,787,127.3306,34.445
2001-12-28,-1.7,-4.4,2001-12-28 12:23:00+00:00,1.6,2001-12-28 03:50:00+00:00,0.0,,,3.4,,0.1,69.0,1415,788,127.0,35.13
2001-12-28,3.8,1.6,2001-12-28 14:31:00+00:00,6.5,2001-12-28 05:43:00+00:00,0.0,,,9.1,,3.0,345.6,1431,789,126.3167,34.8833
2001-12-28,3.3,1.1,2001-12-27 16:40:00+00:00,8.0,2001-12-28 06:26:00+00:00,0.0,,,10.7,,3.4,27.9,1426,790,127.49,34.4143
2001-12-28,-1.0,-4.9,2001-12-28 14:45:00+00:00,4.3,2001-12-28 04:16:00+00:00,0.0,,,9.2,,1.2,95.0,1421,791,127.5833,35.2667
2001-12-28,5.0,3.5,2001-12-28 04:33:00+00:00,6.8,2001-12-28 05:44:00+00:00,0.5,,,9.0,,2.0,328.8,1440,792,126.7667,33.35
2001-12-28,6.9,5.6,2001-12-28 00:02:00+00:00,8.3,2001-12-28 12:42:00+00:00,0.0,,,9.6,,3.6,338.5,1434,793,126.25,33.2167
2001-12-28,-0.1,-5.5,2001-12-28 14:56:00+00:00,6.4,2001-12-28 05:55:00+00:00,0.0,,,9.8,,1.4,326.2,1440,794,127.4333,35.1
2001-12-28,0.7,-4.4,2001-12-28 14:51:00+00:00,6.4,2001-12-28 05:36:00+00:00,0.0,,,6.8,,1.0,313.2,1440,795,127.3667,34.9833
2001-12-28,5.1,3.8,2001-12-27 15:53:00+00:00,7.4,2001-12-28 06:16:00+00:00,0.0,,,13.0,,5.6,310.8,1439,796,127.25,34.2333
2001-12-28,5.6,4.4,2001-12-27 20:49:00+00:00,6.8,2001-12-28 02:20:00+00:00,0.0,,,14.4,,6.8,335.9,1438,797,125.3,34.3833
2001-12-28,5.7,4.8,2001-12-27 20:00:00+00:00,7.2,2001-12-28 03:55:00+00:00,0.0,,,18.7,,9.8,1.3,1440,798,125.1833,34.6667
2001-12-28,4.1,2.9,2001-12-28 09:14:00+00:00,6.7,2001-12-28 04:42:00+00:00,0.0,,,10.2,,2.2,306.7,1420,799,126.1333,35.2
2001-12-28,2.8,0.0,2001-12-27 22:35:00+00:00,6.9,2001-12-28 05:21:00+00:00,0.0,,,12.4,,4.7,293.7,1423,800,129.4622,36.6809
2001-12-28,-7.9,-16.3,2001-12-27 21:46:00+00:00,3.5,2001-12-28 06:07:00+00:00,0.0,,,7.5,,1.2,270.8,1420,801,129.07,36.7
2001-12-28,-2.9,-9.2,2001-12-28 14:57:00+00:00,3.7,2001-12-28 06:26:00+00:00,0.0,,,9.2,,2.1,359.0,1430,805,129.0958,36.1602
2001-12-28,-5.3,-12.2,2001-12-27 22:33:00+00:00,4.4,2001-12-28 06:30:00+00:00,0.0,,,7.5,,1.0,291.1,1414,807,128.7261,36.172
2001-12-28,2.2,-2.6,2001-12-28 11:34:00+00:00,7.3,2001-12-28 06:19:00+00:00,0.5,,,8.8,,2.2,339.4,1440,816,129.4932,35.8959
2001-12-28,-3.6,-9.7,2001-12-27 21:34:00+00:00,5.1,2001-12-28 05:08:00+00:00,0.0,,,7.4,,1.1,359.4,1438,823,128.57,36.23
2001-12-28,-9.6,-17.8,2001-12-27 22:44:00+00:00,3.8,2001-12-28 06:26:00+00:00,1.0,,,4.0,,0.8,177.3,1426,831,129.0697,37.0435
2001-12-28,-1.5,-8.4,2001-12-27 22:57:00+00:00,6.1,2001-12-28 06:07:00+00:00,0.0,,,7.1,,1.1,321.3,1430,832,128.43,36.38
2001-12-28,3.8,-0.1,2001-12-27 22:47:00+00:00,8.9,2001-12-28 05:44:00+00:00,0.0,,,6.0,,1.5,232.8,1431,907,128.07,34.93
2001-12-28,-5.9,-8.7,2001-12-27 20:00:00+00:00,-1.3,2001-12-28 07:01:00+00:00,0.0,,,10.5,,1.2,0.0,1274,116,126.967,37.4433
2001-12-28,-1.6,-4.9,2001-12-27 22:21:00+00:00,3.1,2001-12-28 05:42:00+00:00,0.0,,,20.6,,10.0,299.3,1436,160,129.0,35.1188
2001-12-28,2.6,0.8,2001-12-27 22:32:00+00:00,3.5,2001-12-27 18:08:00+00:00,0.0,,,11.3,,3.7,296.0,1309,300,126.3167,35.85
2001-12-28,4.0,2.3,2001-12-28 13:32:00+00:00,5.7,2001-12-28 03:38:00+00:00,0.0,,,9.9,,2.0,301.0,1272,301,126.0167,35.3333
2001-12-28,4.6,2.1,2001-12-28 13:49:00+00:00,7.1,2001-12-28 06:46:00+00:00,0.0,,,10.2,,2.1,328.0,1234,302,126.1491,34.6432
2001-12-28,3.9,2.5,2001-12-27 22:18:00+00:00,6.7,2001-12-28 02:58:00+00:00,0.0,,,10.3,,2.6,28.0,1245,304,126.6,34.0833
2001-12-28,5.7,4.9,2001-12-28 14:51:00+00:00,7.0,2001-12-28 04:17:00+00:00,0.0,,,13.9,,4.7,23.0,1175,305,126.9167,33.9
2001-12-28,4.6,2.9,2001-12-27 18:17:00+00:00,7.6,2001-12-28 05:57:00+00:00,0.0,,,14.0,,2.8,0.0,1170,306,127.8008,34.9525
2001-12-28,4.4,3.0,2001-12-27 16:55:00+00:00,6.3,2001-12-28 06:39:00+00:00,0.0,,,13.0,,3.6,300.0,1161,307,127.4496,34.2437
2001-12-28,-3.6,-9.1,2001-12-28 14:34:00+00:00,1.6,2001-12-28 05:07:00+00:00,0.0,,,8.4,,1.5,33.4,1440,311,128.0867,35.7892
2001-12-28,-6.3,-12.1,2001-12-27 23:05:00+00:00,3.3,2001-12-28 06:22:00+00:00,0.0,,,8.8,,1.0,215.2,1439,312,129.1418,36.3908
2001-12-28,3.5,0.9,2001-12-27 22:04:00+00:00,6.9,2001-12-28 06:12:00+00:00,0.0,,,5.8,,1.4,316.7,1416,313,128.7514,34.8934
2001-12-28,-11.0,-13.7,2001-12-27 17:55:00+00:00,-6.6,2001-12-28 04:27:00+00:00,0.0,,,11.6,,5.4,308.1,1439,314,127.75,35.8667
2001-12-28,-4.9,-6.9,2001-12-27 21:58:00+00:00,-0.3,2001-12-28 05:20:00+00:00,0.0,,,14.1,,5.2,328.7,1427,316,126.9974,35.1144
2001-12-28,-2.7,-5.8,2001-12-28 14:56:00+00:00,4.5,2001-12-28 05:21:00+00:00,0.0,,,6.7,,1.0,245.7,1439,317,127.0454,35.7189
2001-12-28,-9.2,-19.1,2001-12-27 23:18:00+00:00,-1.1,2001-12-28 04:49:00+00:00,0.0,,,7.0,,1.6,282.6,1438,318,128.6794,37.6437
2001-12-28,-11.0,-13.6,2001-12-27 19:50:00+00:00,-7.7,2001-12-28 03:35:00+00:00,0.0,,,16.1,,7.8,267.5,1440,320,128.3208,38.325
2001-12-28,-9.2,-17.1,2001-12-27 23:06:00+00:00,0.9,2001-12-28 05:23:00+00:00,0.0,,,6.6,,1.1,261.9,1320,321,128.1963,38.1147
2001-12-28,-9.7,-15.9,2001-12-27 22:26:00+00:00,0.6,2001-12-28 06:08:00+00:00,0.0,,,2.9,,0.3,285.9,1437,322,127.6698,38.2155
2001-12-28,-10.6,-18.3,2001-12-27 23:00:00+00:00,0.2,2001-12-28 06:31:00+00:00,0.0,,,7.4,,0.7,331.6,1437,323,127.5542,38.2728
2001-12-28,-5.9,-11.3,2001-12-27 23:09:00+00:00,3.4,2001-12-28 06:19:00+00:00,0.0,,,4.7,,1.1,191.2,1428,324,128.0667,36.8667
2001-12-28,-8.1,-15.0,2001-12-27 23:02:00+00:00,1.8,2001-12-28 06:55:00+00:00,0.0,,,7.1,,0.8,211.4,1424,325,128.0254,37.1376
2001-12-28,-7.0,-13.2,2001-12-27 23:09:00+00:00,1.3,2001-12-28 05:38:00+00:00,0.0,,,5.3,,0.5,83.4,1390,326,127.583,37.5453
2001-12-28,6.0,4.7,2001-12-28 00:11:00+00:00,9.4,2001-12-28 02:29:00+00:00,0.0,,,12.2,,2.9,355.7,1439,328,126.4061,33.2495
2001-12-28,0.5,-0.7,2001-12-28 03:48:00+00:00,1.6,2001-12-28 03:12:00+00:00,1.5,,,9.5,,2.3,314.3,1440,329,126.5439,33.4238
2001-12-28,2.7,1.6,2001-12-27 15:57:00+00:00,5.2,2001-12-28 02:22:00+00:00,0.0,,,13.1,,4.6,322.7,1440,330,126.4616,33.2886
2001-12-28,-1.3,-5.6,2001-12-27 23:05:00+00:00,2.9,2001-12-28 06:40:00+00:00,0.0,,,5.8,,1.7,262.0,1285,400,127.0485,37.5094
2001-12-28,-1.0,-5.3,2001-12-27 22:50:00+00:00,3.6,2001-12-28 05:19:00+00:00,0.0,,,5.4,,1.3,320.2,1420,401,127.02,37.48
2001-12-28,-2.8,-8.9,2001-12-27 22:22:00+00:00,3.4,2001-12-28 06:27:00+00:00,0.0,,,6.5,,1.3,225.7,1416,402,127.1484,37.5519
2001-12-28,-0.9,-5.4,2001-12-27 22:40:00+00:00,3.4,2001-12-28 07:29:00+00:00,0.0,,,6.1,,1.6,319.3,1426,403,127.1004,37.5082
2001-12-28,-1.3,-5.7,2001-12-27 22:28:00+00:00,3.7,2001-12-28 06:09:00+00:00,0.0,,,4.7,,1.0,65.1,1429,404,126.85,37.55
2001-12-28,-1.3,-5.8,2001-12-27 21:28:00+00:00,3.6,2001-12-28 06:05:00+00:00,0.0,,,5.1,,1.0,32.4,1421,405,126.8793,37.524
2001-12-28,-4.5,-11.1,2001-12-27 22:41:00+00:00,3.4,2001-12-28 05:25:00+00:00,0.0,,,6.7,,1.5,249.7,1418,407,127.0894,37.6194
2001-12-28,-1.1,-5.9,2001-12-27 22:54:00+00:00,3.5,2001-12-28 03:49:00+00:00,0.0,,,6.4,,1.7,208.7,1423,408,127.0501,37.5772
2001-12-28,-2.1,-7.4,2001-12-27 22:57:00+00:00,2.7,2001-12-28 05:34:00+00:00,0.0,,,6.0,,1.7,212.1,1426,409,127.0889,37.5835
2001-12-28,-0.6,-4.2,2001-12-27 22:13:00+00:00,4.5,2001-12-28 06:08:00+00:00,0.0,,,5.0,,1.1,242.9,1432,410,126.9228,37.4935
2001-12-28,-1.0,-4.8,2001-12-27 22:23:00+00:00,3.4,2001-12-28 06:10:00+00:00,0.0,,,4.8,,1.2,289.7,1431,411,126.9342,37.5431
2001-12-28,-2.6,-7.4,2001-12-27 21:09:00+00:00,3.4,2001-12-28 05:43:00+00:00,0.0,,,6.0,,1.3,32.1,1404,412,126.9466,37.5676
2001-12-28,-1.1,-5.8,2001-12-27 23:03:00+00:00,3.1,2001-12-28 06:05:00+00:00,0.0,,,7.0,,1.5,244.9,1420,413,127.0791,37.5379
2001-12-28,-0.7,-5.2,2001-12-27 22:42:00+00:00,3.6,2001-12-28 06:16:00+00:00,0.0,,,7.2,,1.3,213.2,1417,415,126.9775,37.5168
2001-12-28,-2.5,-6.7,2001-12-27 20:41:00+00:00,2.6,2001-12-28 06:37:00+00:00,0.0,,,6.1,,1.4,264.2,1425,416,126.9357,37.6084
2001-12-28,-0.5,-4.1,2001-12-27 22:43:00+00:00,3.2,2001-12-28 07:29:00+00:00,0.0,,,6.0,,1.9,300.4,1426,418,126.9394,37.5213
2001-12-28,-2.7,-5.8,2001-12-27 20:31:00+00:00,1.4,2001-12-28 06:46:00+00:00,0.0,,,9.1,,2.3,307.5,1405,419,126.9864,37.5535
2001-12-28,-5.1,-8.1,2001-12-27 21:46:00+00:00,0.5,2001-12-28 04:38:00+00:00,0.0,,,6.6,,2.1,260.0,1418,420,126.9565,37.6155
2001-12-28,-1.0,-5.1,2001-12-27 22:46:00+00:00,3.4,2001-12-28 06:34:00+00:00,0.0,,,7.5,,2.0,332.3,1423,421,127.0406,37.545
2001-12-28,,,,,,0.0,,,,,,,526,423,126.8333,37.4833
2001-12-28,-4.2,,,,,0.0,,,,,1.4,,1144,499,127.0213,38.1331
2001-12-28,-4.2,-9.2,2001-12-27 22:30:00+00:00,2.1,2001-12-28 05:10:00+00:00,0.0,,,3.8,,1.0,9.1,1408,500,126.4116,37.6287
2001-12-28,-0.7,-5.3,2001-12-27 20:29:00+00:00,3.4,2001-12-28 06:41:00+00:00,0.0,,,6.5,,1.8,350.5,1428,501,125.7023,37.6644
2001-12-28,-2.0,-5.5,2001-12-27 20:43:00+00:00,2.6,2001-12-28 05:23:00+00:00,0.0,,,5.0,,1.1,262.3,1418,502,126.2829,37.7844
2001-12-28,-6.2,-13.2,2001-12-27 22:25:00+00:00,2.6,2001-12-28 06:32:00+00:00,0.0,,,3.4,,0.5,127.8,1419,504,127.202,37.8915
2001-12-28,-7.0,-13.8,2001-12-27 22:48:00+00:00,2.8,2001-12-28 04:54:00+00:00,0.0,,,4.9,,0.7,169.1,1298,542,127.3802,37.6841
2001-12-28,-1.8,-6.3,2001-12-27 22:34:00+00:00,3.3,2001-12-28 04:25:00+00:00,0.0,,,14.3,,0.9,0.0,1423,543,126.5496,37.499
2001-12-28,-2.6,-7.7,2001-12-27 21:38:00+00:00,3.6,2001-12-28 05:53:00+00:00,0.0,,,4.6,,0.7,27.9,1410,544,126.7827,37.4631
2001-12-28,-5.3,-12.3,2001-12-27 22:17:00+00:00,2.5,2001-12-28 06:06:00+00:00,0.0,,,6.4,,1.1,254.5,1420,545,126.8387,37.2804
2001-12-28,-4.7,-11.2,2001-12-27 23:07:00+00:00,3.7,2001-12-28 06:27:00+00:00,0.0,,,4.6,,0.4,196.3,1431,546,127.2833,37.4
2001-12-28,-7.4,-15.1,2001-12-27 22:05:00+00:00,3.6,2001-12-28 06:46:00+00:00,0.0,,,4.8,,0.5,217.0,1381,547,127.7583,37.4171
2001-12-28,-5.9,-13.1,2001-12-27 22:34:00+00:00,3.8,2001-12-28 06:51:00+00:00,0.0,,,3.7,,0.8,0.7,1422,548,127.65,37.3
2001-12-28,-5.2,-12.3,2001-12-27 22:51:00+00:00,3.6,2001-12-28 05:03:00+00:00,0.0,,,5.3,,1.1,220.6,1421,549,127.2,37.25
2001-12-28,-4.2,-10.4,2001-12-27 21:30:00+00:00,3.8,2001-12-28 06:11:00+00:00,0.0,,,6.1,,0.7,359.3,1439,550,127.05,37.1833
2001-12-28,-3.8,-11.2,2001-12-27 22:10:00+00:00,2.5,2001-12-28 06:03:00+00:00,0.0,,,6.6,,1.1,279.3,1416,551,127.07,37.0
2001-12-28,-7.5,-12.8,2001-12-27 23:27:00+00:00,1.3,2001-12-28 06:25:00+00:00,0.0,,,4.1,,0.9,348.3,1422,552,127.42,38.25
2001-12-28,0.7,-2.5,2001-12-27 21:25:00+00:00,5.1,2001-12-28 04:37:00+00:00,0.0,,,8.7,,3.7,235.0,1416,553,128.4287,38.5038
2001-12-28,-6.3,-9.7,2001-12-27 22:46:00+00:00,-3.4,2001-12-28 04:51:00+00:00,0.0,,,16.2,,7.9,260.6,1402,554,128.4371,38.2144
2001-12-28,-8.3,-14.9,2001-12-27 22:56:00+00:00,3.0,2001-12-28 06:42:00+00:00,0.0,,,3.5,,1.1,251.3,1292,555,127.73,38.12
2001-12-28,-9.5,-16.9,2001-12-27 22:45:00+00:00,2.1,2001-12-28 05:47:00+00:00,0.0,,,2.2,,0.1,281.5,1303,556,127.9908,38.1056
2001-12-28,-8.3,-16.3,2001-12-27 22:43:00+00:00,2.7,2001-12-28 05:10:00+00:00,0.0,,,5.3,,0.6,334.4,1313,558,127.7007,37.6861
2001-12-28,-13.4,-21.0,2001-12-27 23:07:00+00:00,-1.1,2001-12-28 05:36:00+00:00,0.0,,,5.6,,0.6,185.6,1313,559,128.3898,37.7739
2001-12-28,-13.2,-23.7,2001-12-27 23:13:00+00:00,-0.6,2001-12-28 04:41:00+00:00,0.0,,,6.3,,0.9,223.0,1434,560,128.5943,37.6701
2001-12-28,-7.0,-14.2,2001-12-27 22:30:00+00:00,2.5,2001-12-28 05:50:00+00:00,0.0,,,5.6,,0.8,131.2,1419,562,128.269,37.2722
2001-12-28,-10.1,-16.6,2001-12-27 22:31:00+00:00,-0.1,2001-12-28 05:55:00+00:00,0.0,,,5.0,,0.6,142.2,1423,563,128.7466,37.2647
2001-12-28,-1.7,-6.3,2001-12-27 22:32:00+00:00,2.7,2001-12-28 04:58:00+00:00,0.0,,,4.8,,1.1,266.5,1429,565,126.785,37.34
2001-12-28,-2.3,-9.2,2001-12-27 20:45:00+00:00,5.1,2001-12-28 05:15:00+00:00,0.0,,,12.1,,1.9,283.4,1433,566,128.7,37.82
2001-12-28,-7.1,-14.4,2001-12-27 23:14:00+00:00,2.9,2001-12-28 06:05:00+00:00,0.0,,,3.0,,0.1,359.7,1418,567,126.913,37.9483
2001-12-28,-8.7,-16.1,2001-12-27 22:59:00+00:00,1.3,2001-12-28 05:56:00+00:00,0.0,,,4.4,,0.9,323.3,1417,568,127.3179,37.9522
2001-12-28,-3.1,-9.0,2001-12-27 22:10:00+00:00,3.3,2001-12-28 06:02:00+00:00,0.0,,,3.9,,0.8,221.8,1416,569,127.1312,37.5994
2001-12-28,-2.9,-7.0,2001-12-27 22:58:00+00:00,2.4,2001-12-28 04:07:00+00:00,0.0,,,5.3,,0.8,212.3,1428,570,126.6472,37.6215
2001-12-28,-1.9,-6.9,2001-12-27 23:19:00+00:00,2.6,2001-12-28 04:42:00+00:00,0.0,,,6.1,,0.9,308.2,1423,571,126.8209,37.1953
2001-12-28,-1.2,-5.4,2001-12-27 22:37:00+00:00,2.9,2001-12-28 07:16:00+00:00,0.0,,,5.0,,1.4,281.8,1420,572,127.1248,37.421
2001-12-28,-7.7,-14.6,2001-12-27 22:06:00+00:00,2.9,2001-12-28 06:55:00+00:00,0.0,,,4.7,,0.5,215.7,1379,573,127.7106,37.5563
2001-12-28,-6.3,-13.5,2001-12-27 22:49:00+00:00,3.3,2001-12-28 05:47:00+00:00,0.0,,,3.0,,0.4,156.0,1417,574,127.5865,37.3751
2001-12-28,-5.7,-12.3,2001-12-27 22:24:00+00:00,3.0,2001-12-28 05:48:00+00:00,0.0,,,6.3,,0.8,310.2,1436,575,127.198,37.1399
2001-12-28,-5.4,-12.1,2001-12-27 22:30:00+00:00,3.3,2001-12-28 06:36:00+00:00,0.0,,,5.1,,0.6,270.1,1428,576,127.3755,37.1634
2001-12-28,-3.5,-8.8,2001-12-27 23:16:00+00:00,0.9,2001-12-28 05:21:00+00:00,0.0,,,4.3,,1.2,322.5,1429,577,126.3365,37.5341
2001-12-28,-1.9,-6.4,2001-12-27 22:55:00+00:00,2.2,2001-12-28 05:15:00+00:00,0.0,,,4.9,,1.1,350.7,1392,578,126.42,37.45
2001-12-28,-9.5,-18.7,2001-12-27 21:16:00+00:00,-0.2,2001-12-28 05:50:00+00:00,0.0,,,6.6,,1.4,282.3,1417,579,128.9431,37.3495
2001-12-28,-9.6,-14.4,2001-12-27 21:16:00+00:00,-1.1,2001-12-28 06:42:00+00:00,0.0,,,4.2,,1.2,42.1,1426,581,128.8385,37.1409
2001-12-28,-8.7,-15.3,2001-12-27 23:06:00+00:00,0.2,2001-12-28 04:54:00+00:00,0.0,,,7.9,,1.1,313.7,1420,582,128.0829,37.2278
2001-12-28,-11.0,-18.4,2001-12-27 22:52:00+00:00,-0.5,2001-12-28 05:06:00+00:00,0.0,,,5.8,,1.1,4.8,1405,583,128.1568,37.41
2001-12-28,-10.8,-19.0,2001-12-27 22:34:00+00:00,0.1,2001-12-28 06:16:00+00:00,0.0,,,7.1,,0.7,227.3,1421,584,128.7245,37.4711
2001-12-28,-8.1,-14.3,2001-12-27 22:58:00+00:00,0.8,2001-12-28 06:19:00+00:00,0.0,,,7.0,,0.6,254.7,1314,585,128.0834,37.966
2001-12-28,-8.3,-14.8,2001-12-27 22:14:00+00:00,1.5,2001-12-28 05:54:00+00:00,0.0,,,4.5,,0.4,150.1,1297,586,127.8858,37.9876
2001-12-28,-9.6,-16.4,2001-12-27 22:33:00+00:00,1.2,2001-12-28 06:17:00+00:00,0.0,,,4.4,,0.4,245.2,1309,587,127.9495,38.2091
2001-12-28,-7.5,-14.8,2001-12-27 22:40:00+00:00,2.9,2001-12-28 06:18:00+00:00,0.0,,,4.8,,0.6,248.5,1308,588,127.6429,37.7907
2001-12-28,-4.4,-11.5,2001-12-27 22:44:00+00:00,4.1,2001-12-28 06:40:00+00:00,0.0,,,7.1,,1.3,244.9,1406,589,126.7586,37.6372
2001-12-28,-3.0,-8.4,2001-12-27 21:54:00+00:00,3.1,2001-12-28 05:18:00+00:00,0.0,,,5.5,,1.0,232.2,1408,590,126.9887,37.4263
2001-12-28,-6.7,-12.1,2001-12-27 22:52:00+00:00,-0.2,2001-12-28 06:10:00+00:00,0.0,,,5.1,,1.1,316.0,1413,591,128.03,37.43
2001-12-28,-8.1,-15.4,2001-12-27 22:48:00+00:00,2.3,2001-12-28 06:51:00+00:00,0.0,,,4.0,,0.7,251.6,1418,592,127.753,37.2045
2001-12-28,-9.8,-17.6,2001-12-27 22:43:00+00:00,0.8,2001-12-28 05:51:00+00:00,0.0,,,8.4,,1.6,203.6,1310,594,128.2102,38.2168
2001-12-28,-5.8,-9.7,2001-12-27 23:14:00+00:00,-2.0,2001-12-28 06:04:00+00:00,0.0,,,12.1,,5.2,192.4,1424,595,128.3833,38.2667
2001-12-28,-2.5,-5.0,2001-12-27 23:08:00+00:00,1.9,2001-12-28 04:45:00+00:00,0.0,,,10.6,,2.7,348.0,1416,596,128.45,38.07
2001-12-28,-12.9,-20.1,2001-12-27 22:36:00+00:00,-1.3,2001-12-28 05:47:00+00:00,0.0,,,4.6,,0.6,195.2,1422,597,128.4594,37.4927
2001-12-28,-6.5,-13.4,2001-12-27 22:52:00+00:00,2.6,2001-12-28 05:09:00+00:00,0.0,,,5.1,,0.7,255.7,1291,598,127.0,37.83
2001-12-28,-9.4,-17.0,2001-12-27 22:47:00+00:00,2.3,2001-12-28 04:56:00+00:00,0.0,,,3.9,,0.5,24.3,1422,599,127.1698,37.7617
2001-12-28,-4.4,-11.2,2001-12-27 22:19:00+00:00,3.2,2001-12-28 05:27:00+00:00,0.0,,,4.6,,1.3,253.6,1437,600,127.6003,36.9882
2001-12-28,-6.7,-13.2,2001-12-27 23:33:00+00:00,2.3,2001-12-28 06:15:00+00:00,0.0,,,3.4,,0.4,147.7,1412,601,128.3669,36.9855
2001-12-28,-3.6,-9.2,2001-12-27 22:05:00+00:00,4.8,2001-12-28 04:07:00+00:00,0.0,,,5.8,,1.0,308.0,1422,602,127.4297,36.8539
2001-12-28,-7.1,-14.0,2001-12-27 22:36:00+00:00,2.7,2001-12-28 05:18:00+00:00,0.0,,,7.0,,0.9,240.1,1435,603,127.8,36.8
2001-12-28,-2.2,-7.5,2001-12-27 22:46:00+00:00,4.5,2001-12-28 05:43:00+00:00,0.0,,,3.1,,0.0,278.9,1431,604,127.58,36.3
2001-12-28,-3.7,-9.2,2001-12-27 22:35:00+00:00,5.7,2001-12-28 05:31:00+00:00,0.0,,,6.9,,0.9,297.8,1430,605,127.7598,36.1631
2001-12-28,-0.3,-4.8,2001-12-27 22:10:00+00:00,2.9,2001-12-28 04:51:00+00:00,0.0,,,9.0,,2.2,358.9,1438,606,126.454,36.9984
2001-12-28,1.9,-0.9,2001-12-27 21:50:00+00:00,3.9,2001-12-28 04:47:00+00:00,0.0,,,8.7,,2.6,353.4,1436,607,126.15,36.6667
2001-12-28,-3.3,-8.8,2001-12-27 22:45:00+00:00,4.0,2001-12-28 04:13:00+00:00,0.0,,,5.8,,0.8,263.2,1419,608,126.6816,36.7487
2001-12-28,0.5,-2.1,2001-12-27 22:55:00+00:00,4.3,2001-12-28 05:18:00+00:00,0.0,,,8.2,,2.3,337.9,1431,609,126.44,36.42
2001-12-28,-2.3,-7.3,2001-12-27 21:14:00+00:00,4.2,2001-12-28 05:42:00+00:00,0.0,,,6.3,,1.0,346.9,1396,610,126.63,36.58
2001-12-28,-4.2,-10.4,2001-12-27 22:27:00+00:00,4.9,2001-12-28 06:09:00+00:00,0.0,,,4.4,,0.9,17.1,1432,611,127.27,36.57
2001-12-28,-1.2,-7.0,2001-12-27 22:19:00+00:00,6.2,2001-12-28 04:14:00+00:00,0.0,,,5.3,,0.5,214.9,1439,612,127.1,36.4833
2001-12-28,-1.6,-6.4,2001-12-27 22:11:00+00:00,5.2,2001-12-28 03:57:00+00:00,0.0,,,6.8,,1.0,295.1,1421,614,126.7,36.05
2001-12-28,-3.3,-9.6,2001-12-27 22:16:00+00:00,5.1,2001-12-28 05:08:00+00:00,0.0,,,4.9,,0.4,334.7,1428,615,127.1,36.1833
2001-12-28,-3.5,-10.1,2001-12-27 20:50:00+00:00,4.4,2001-12-28 06:14:00+00:00,0.0,,,5.3,,0.6,334.4,1432,617,127.1561,36.8782
2001-12-28,-3.9,-9.2,2001-12-27 22:47:00+00:00,3.8,2001-12-28 05:02:00+00:00,0.0,,,7.0,,1.2,286.9,1374,618,126.78,36.42
2001-12-28,-5.7,-12.7,2001-12-27 22:58:00+00:00,4.7,2001-12-28 05:32:00+00:00,0.0,,,5.8,,0.8,268.1,1418,619,127.68,36.93
2001-12-28,-6.2,-13.1,2001-12-27 22:47:00+00:00,3.8,2001-12-28 06:56:00+00:00,0.0,,,4.8,,0.5,268.7,1433,620,127.9152,37.0865
2001-12-28,-4.3,-8.8,2001-12-27 22:32:00+00:00,2.8,2001-12-28 06:05:00+00:00,0.0,,,5.6,,0.8,207.2,1354,621,128.1678,37.0003
2001-12-28,-6.4,-12.3,2001-12-27 22:45:00+00:00,2.6,2001-12-28 05:24:00+00:00,0.0,,,5.6,,0.6,3.4,1435,622,127.9939,36.842
2001-12-28,-4.8,-10.9,2001-12-27 22:47:00+00:00,4.3,2001-12-28 05:29:00+00:00,0.0,,,6.7,,0.4,208.5,1439,623,127.58,36.78
2001-12-28,-6.0,-12.1,2001-12-27 23:07:00+00:00,2.5,2001-12-28 05:45:00+00:00,0.0,,,6.5,,0.4,262.0,1428,624,127.6588,36.6294
2001-12-28,-1.1,-5.1,2001-12-27 22:07:00+00:00,3.7,2001-12-28 05:00:00+00:00,0.0,,,7.3,,0.8,328.4,1431,627,126.2988,36.7544
2001-12-28,-6.7,-13.2,2001-12-27 22:38:00+00:00,1.8,2001-12-28 06:27:00+00:00,0.0,,,4.1,,0.3,356.4,1436,629,127.1959,36.6814
2001-12-28,2.5,0.5,2001-12-27 22:09:00+00:00,5.5,2001-12-28 04:59:00+00:00,0.0,,,6.1,,1.3,0.0,1222,631,126.5133,37.355
2001-12-28,,-9.7,2001-12-27 22:22:00+00:00,4.2,2001-12-28 06:31:00+00:00,0.0,,,5.8,,0.5,347.9,1186,632,126.952,36.5495
2001-12-28,-3.2,-8.8,2001-12-27 22:09:00+00:00,5.4,2001-12-28 06:36:00+00:00,0.0,,,5.0,,0.9,358.1,1430,633,127.1207,36.6041
2001-12-28,-2.7,-7.2,2001-12-27 22:46:00+00:00,2.6,2001-12-28 05:40:00+00:00,0.0,,,3.7,,0.3,31.8,1421,634,126.8858,36.8664
2001-12-28,-1.7,-7.3,2001-12-27 22:21:00+00:00,5.6,2001-12-28 05:31:00+00:00,0.0,,,7.1,,1.1,212.0,1411,635,126.7609,36.2139
2001-12-28,-3.6,-9.7,2001-12-27 22:38:00+00:00,5.0,2001-12-28 06:34:00+00:00,0.0,,,5.9,,0.3,282.3,1434,636,127.23,36.3
2001-12-28,-1.0,-3.7,2001-12-27 22:48:00+00:00,2.7,2001-12-28 07:09:00+00:00,0.0,,,6.1,,1.1,331.7,1427,637,126.2837,36.8679
2001-12-28,-7.3,-13.6,2001-12-27 22:46:00+00:00,2.2,2001-12-28 06:14:00+00:00,0.0,,,6.5,,0.9,257.8,1417,638,128.4887,37.0758
2001-12-28,-6.6,-12.2,2001-12-27 22:41:00+00:00,2.4,2001-12-28 06:04:00+00:00,0.0,,,5.4,,0.9,341.7,1412,639,128.1643,36.9117
2001-12-28,-7.1,-14.2,2001-12-27 22:18:00+00:00,3.2,2001-12-28 06:01:00+00:00,0.0,,,7.4,,0.6,328.2,1440,640,127.86,36.76
2001-12-28,-1.0,-5.8,2001-12-27 22:13:00+00:00,6.0,2001-12-28 06:15:00+00:00,0.0,,,4.8,,0.6,203.7,1433,642,127.4061,36.3105
2001-12-28,-3.0,-7.9,2001-12-27 22:04:00+00:00,4.7,2001-12-28 05:51:00+00:00,0.0,,,4.7,,0.9,350.8,1423,643,127.49,36.34
2001-12-28,-3.2,-7.8,2001-12-27 22:49:00+00:00,4.5,2001-12-28 05:45:00+00:00,0.0,,,6.0,,1.5,275.4,1416,644,127.2327,36.1385
2001-12-28,-3.5,-8.0,2001-12-27 22:39:00+00:00,3.7,2001-12-28 05:09:00+00:00,0.0,,,4.8,,0.8,343.8,1429,645,126.5173,36.5804
2001-12-28,0.1,-2.8,2001-12-27 22:43:00+00:00,4.3,2001-12-28 05:41:00+00:00,0.0,,,5.7,,1.7,15.6,1426,646,126.5496,36.153
2001-12-28,-2.8,-6.9,2001-12-27 20:12:00+00:00,5.0,2001-12-28 06:25:00+00:00,0.0,,,4.8,,0.6,346.2,1426,648,127.3833,36.4333
2001-12-28,-0.1,-2.2,2001-12-27 21:41:00+00:00,5.0,2001-12-28 06:10:00+00:00,0.0,,,9.9,,2.9,11.0,1238,649,126.08,37.285
2001-12-28,-10.3,-17.4,2001-12-27 22:37:00+00:00,-0.1,2001-12-28 05:58:00+00:00,0.0,,,6.8,,1.7,263.1,1417,650,127.3333,38.2833
2001-12-28,0.4,-2.4,2001-12-27 18:39:00+00:00,2.9,2001-12-28 05:47:00+00:00,0.0,,,8.2,,1.7,345.6,1437,654,126.3333,37.25
2001-12-28,2.1,0.8,2001-12-27 21:58:00+00:00,3.4,2001-12-28 06:33:00+00:00,0.0,,,10.0,,3.4,323.0,1437,655,124.7167,37.75
2001-12-28,0.1,-3.1,2001-12-27 23:06:00+00:00,3.2,2001-12-28 05:07:00+00:00,0.0,,,10.2,,2.9,359.8,1439,657,126.5,36.3167
2001-12-28,2.2,-2.3,2001-12-27 23:01:00+00:00,4.0,2001-12-28 04:10:00+00:00,0.0,,,7.0,,2.0,268.8,1440,658,126.1333,36.8333
2001-12-28,-5.7,-7.8,2001-12-27 16:19:00+00:00,-1.7,2001-12-28 06:37:00+00:00,0.0,,,13.3,,4.7,262.2,1440,659,127.25,36.4167
2001-12-28,-10.7,-17.8,2001-12-27 22:55:00+00:00,-0.6,2001-12-28 05:54:00+00:00,0.0,,,7.0,,0.6,238.1,1440,660,128.35,37.55
2001-12-28,1.3,-1.7,2001-12-27 20:27:00+00:00,6.0,2001-12-28 04:40:00+00:00,0.0,,,11.7,,4.3,213.1,1440,661,128.4,38.5333
2001-12-28,0.4,-0.9,2001-12-27 18:22:00+00:00,1.6,2001-12-28 06:21:00+00:00,0.0,,,11.2,,1.5,234.0,1224,662,126.35,37.1467
2001-12-28,1.7,0.2,2001-12-27 20:41:00+00:00,3.2,2001-12-28 05:57:00+00:00,0.0,,,8.6,,3.3,350.0,1267,663,125.7869,36.9286
2001-12-28,-1.3,-4.8,2001-12-27 23:07:00+00:00,2.1,2001-12-28 04:37:00+00:00,0.0,,,5.9,,1.2,323.0,1190,665,126.4167,37.3833
2001-12-28,2.1,0.6,2001-12-27 18:47:00+00:00,5.9,2001-12-28 01:32:00+00:00,0.0,,,10.2,,2.8,5.0,1260,666,126.1667,36.95
2001-12-28,2.9,1.5,2001-12-27 21:54:00+00:00,4.8,2001-12-28 07:00:00+00:00,0.0,,,9.8,,3.6,352.0,1248,667,126.0093,36.6476
2001-12-28,2.8,-0.3,2001-12-28 10:34:00+00:00,5.1,2001-12-28 06:43:00+00:00,0.0,,,8.9,,1.1,2.0,1243,669,125.45,36.2167
2001-12-28,4.3,0.9,2001-12-28 14:58:00+00:00,6.4,2001-12-28 03:03:00+00:00,0.0,,,10.8,,2.8,315.2,1415,720,126.5544,34.1678
2001-12-28,2.8,-0.4,2001-12-28 14:38:00+00:00,5.7,2001-12-28 05:52:00+00:00,0.0,,,12.8,,2.9,302.2,1424,721,127.0298,34.349
2001-12-28,3.6,0.5,2001-12-28 14:57:00+00:00,7.1,2001-12-28 04:44:00+00:00,0.0,,,7.0,,1.3,16.9,1431,722,126.9288,35.1368
2001-12-28,5.0,3.6,2001-12-27 16:27:00+00:00,6.5,2001-12-28 05:59:00+00:00,0.0,,,16.0,,6.6,315.9,1437,723,127.3064,34.0236
2001-12-28,4.8,3.6,2001-12-28 00:14:00+00:00,6.1,2001-12-28 03:25:00+00:00,0.0,,,13.8,,5.5,329.9,1425,724,126.3006,33.9547
2001-12-28,5.0,3.7,2001-12-28 04:02:00+00:00,6.4,2001-12-28 02:59:00+00:00,0.0,,,17.2,,7.7,309.5,1430,725,126.9534,33.5065
2001-12-28,6.6,4.8,2001-12-28 00:24:00+00:00,7.7,2001-12-28 05:06:00+00:00,0.0,,,15.1,,7.2,8.7,1430,726,126.2714,33.1137
2001-12-28,3.3,2.1,2001-12-27 17:33:00+00:00,6.0,2001-12-28 01:56:00+00:00,0.0,,,8.6,,2.6,354.2,1421,727,126.3949,33.39
2001-12-28,-1.0,-5.6,2001-12-28 14:44:00+00:00,5.5,2001-12-28 02:41:00+00:00,0.0,,,6.7,,1.0,0.7,1426,729,127.13,35.38
2001-12-28,0.3,-3.8,2001-12-28 14:58:00+00:00,5.6,2001-12-28 05:39:00+00:00,0.0,,,6.5,,1.1,0.5,1417,730,126.82,35.32
2001-12-28,2.1,-2.4,2001-12-28 14:15:00+00:00,6.0,2001-12-28 03:22:00+00:00,0.0,,,7.6,,2.5,277.1,1419,731,126.7036,34.7947
2001-12-28,0.0,-5.7,2001-12-28 14:34:00+00:00,4.9,2001-12-28 04:39:00+00:00,0.0,,,9.5,,1.6,51.7,1404,732,127.08,34.77
2001-12-28,-2.1,-7.4,2001-12-27 21:47:00+00:00,5.1,2001-12-28 04:02:00+00:00,0.0,,,3.3,,0.2,28.0,1417,733,126.959,36.0412
2001-12-28,-1.8,-6.6,2001-12-27 22:56:00+00:00,5.6,2001-12-28 07:08:00+00:00,0.0,,,7.5,,1.2,1.3,1436,734,127.2112,35.9728
2001-12-28,-3.3,-9.3,2001-12-28 14:44:00+00:00,1.4,2001-12-28 06:29:00+00:00,0.0,,,6.0,,0.8,112.1,1423,735,127.7711,35.9037
2001-12-28,0.2,-3.7,2001-12-27 22:51:00+00:00,6.2,2001-12-28 05:06:00+00:00,0.0,,,5.4,,1.6,53.1,1432,736,126.75,35.87
2001-12-28,0.2,-3.3,2001-12-27 22:58:00+00:00,5.9,2001-12-28 05:39:00+00:00,0.0,,,6.8,,1.3,322.7,1424,737,126.8769,35.7943
2001-12-28,0.8,-3.4,2001-12-28 14:10:00+00:00,6.7,2001-12-28 06:12:00+00:00,0.0,,,5.0,,0.4,50.1,1419,738,126.6775,35.5904
2001-12-28,1.5,-1.9,2001-12-27 22:14:00+00:00,5.7,2001-12-28 05:45:00+00:00,0.0,,,5.4,,1.0,66.1,1431,739,126.5511,35.5243
2001-12-28,3.4,0.1,2001-12-28 14:42:00+00:00,6.5,2001-12-28 04:02:00+00:00,0.0,,,9.6,,2.9,0.5,1416,742,126.35,34.95
2001-12-28,3.7,1.1,2001-12-28 12:13:00+00:00,5.5,2001-12-28 05:31:00+00:00,0.5,,,8.0,,1.2,319.8,1413,743,125.9266,34.7555
2001-12-28,3.0,-1.4,2001-12-28 14:57:00+00:00,6.6,2001-12-28 04:41:00+00:00,0.0,,,7.7,,2.1,50.0,1435,744,126.3276,34.6709
2001-12-28,1.2,-3.3,2001-12-28 14:59:00+00:00,5.6,2001-12-28 04:57:00+00:00,0.0,,,8.3,,1.4,17.4,1402,745,126.7608,34.6383
2001-12-28,3.8,0.8,2001-12-28 12:58:00+00:00,6.0,2001-12-28 02:08:00+00:00,0.0,,,9.4,,1.9,328.8,1409,746,126.5278,34.295
2001-12-28,4.7,3.3,2001-12-27 22:22:00+00:00,6.5,2001-12-28 03:34:00+00:00,0.0,,,9.3,,3.0,24.1,1410,747,126.859,34.1799
2001-12-28,2.7,-1.2,2001-12-27 22:44:00+00:00,7.5,2001-12-28 04:39:00+00:00,0.0,,,11.5,,2.6,13.8,1431,748,127.35,34.83
2001-12-28,3.7,-0.3,2001-12-28 14:59:00+00:00,7.7,2001-12-28 05:04:00+00:00,0.0,,,10.3,,2.6,341.6,1427,749,127.13,34.53
2001-12-28,3.3,0.8,2001-12-27 22:18:00+00:00,6.5,2001-12-28 05:23:00+00:00,0.0,,,16.7,,6.4,7.6,1435,750,127.6256,34.6308
2001-12-28,3.0,0.8,2001-12-28 04:22:00+00:00,3.7,2001-12-28 02:42:00+00:00,1.5,,,10.4,,3.0,16.7,1409,751,126.7119,33.4585
2001-12-28,5.4,4.1,2001-12-28 00:02:00+00:00,7.9,2001-12-28 02:16:00+00:00,0.0,,,11.8,,3.2,349.6,1426,752,126.3022,33.285
2001-12-28,-2.7,-3.4,2001-12-27 17:49:00+00:00,-1.9,2001-12-28 05:54:00+00:00,2.5,,,6.3,,1.4,310.9,1410,753,126.4941,33.3921
2001-12-28,2.7,-1.3,2001-12-28 13:36:00+00:00,7.1,2001-12-28 03:35:00+00:00,0.0,,,6.0,,0.6,345.6,1430,754,126.5225,35.0635
2001-12-28,-0.5,-5.7,2001-12-28 14:40:00+00:00,5.3,2001-12-28 05:14:00+00:00,0.0,,,6.1,,1.6,39.1,1431,755,127.13,35.17
2001-12-28,3.6,1.1,2001-12-28 09:44:00+00:00,5.3,2001-12-28 03:25:00+00:00,0.0,,,8.8,,1.9,353.1,1427,756,126.2931,35.6028
2001-12-28,-3.9,-8.2,2001-12-27 23:22:00+00:00,3.5,2001-12-28 05:45:00+00:00,0.0,,,5.9,,0.4,94.5,1418,757,127.4254,35.9715
2001-12-28,-4.6,-12.0,2001-12-27 23:37:00+00:00,3.7,2001-12-28 06:36:00+00:00,0.0,,,5.9,,0.9,12.2,1418,758,127.5682,35.8355
2001-12-28,,,,,,0.0,,,,,,,415,759,127.6,35.37
2001-12-28,0.1,-3.3,2001-12-28 13:54:00+00:00,5.5,2001-12-28 06:18:00+00:00,0.0,,,9.9,,0.7,325.6,1424,761,126.8863,35.647
2001-12-28,-1.0,-4.2,2001-12-28 13:46:00+00:00,3.4,2001-12-28 05:39:00+00:00,0.0,,,9.5,,1.8,300.7,1409,762,127.1136,35.5388
2001-12-28,-1.1,-6.7,2001-12-27 21:47:00+00:00,5.4,2001-12-28 06:25:00+00:00,0.0,,,3.6,,0.7,277.2,1420,763,127.07,36.05
2001-12-28,-3.0,-7.6,2001-12-28 14:36:00+00:00,3.9,2001-12-28 06:12:00+00:00,0.0,,,8.6,,0.8,30.3,1427,764,127.1849,35.6811
2001-12-28,0.6,-4.7,2001-12-28 14:50:00+00:00,6.4,2001-12-28 04:16:00+00:00,0.0,,,9.2,,1.0,251.1,1302,765,127.17,34.93
2001-12-28,2.8,0.4,2001-12-27 20:33:00+00:00,6.8,2001-12-28 06:04:00+00:00,0.0,,,11.5,,4.9,331.6,1394,766,127.72,34.85
2001-12-28,4.0,1.7,2001-12-28 01:59:00+00:00,6.4,2001-12-27 16:16:00+00:00,4.5,,,12.4,,2.8,342.8,1439,319,130.8746,37.5408
2001-12-28,-3.7,-9.9,2001-12-27 22:45:00+00:00,3.0,2001-12-28 05:55:00+00:00,0.0,,,5.9,,0.9,219.6,1424,406,127.0352,37.6633
2001-12-28,0.2,-3.7,2001-12-27 21:26:00+00:00,4.4,2001-12-28 05:01:00+00:00,0.0,,,5.6,,1.6,134.0,1421,417,126.88,37.48
2001-12-28,,,,,,0.0,,,,,,,544,424,127.0017,37.6333
2001-12-28,2.4,-3.0,2001-12-27 15:00:00+00:00,7.2,2001-12-28 05:27:00+00:00,0.0,,,11.0,,2.7,295.1,1402,767,127.45,34.6
2001-12-28,0.1,-3.7,2001-12-28 14:24:00+00:00,6.0,2001-12-28 05:47:00+00:00,0.0,,,6.6,,0.7,335.4,1417,768,127.2908,35.2802
2001-12-28,-7.2,-13.9,2001-12-27 21:39:00+00:00,4.0,2001-12-28 06:09:00+00:00,0.0,,,8.4,,1.0,300.9,1419,803,129.07,36.42
2001-12-28,1.9,-1.5,2001-12-27 16:27:00+00:00,6.2,2001-12-28 06:45:00+00:00,0.0,,,6.2,,2.2,1.5,1434,804,129.338,36.1996
2001-12-28,-0.4,-7.3,2001-12-28 14:29:00+00:00,6.1,2001-12-28 06:05:00+00:00,0.0,,,9.8,,2.6,273.6,1427,806,128.2903,36.2334
2001-12-28,3.0,0.2,2001-12-27 21:53:00+00:00,6.4,2001-12-28 06:08:00+00:00,0.0,,,13.8,,6.2,269.6,1431,808,129.5694,36.0774
2001-12-28,-3.0,-7.4,2001-12-28 14:58:00+00:00,4.1,2001-12-28 06:08:00+00:00,0.0,,,11.3,,2.2,252.8,1425,809,127.9689,35.9179
2001-12-28,-2.7,-10.0,2001-12-27 22:43:00+00:00,6.1,2001-12-28 05:37:00+00:00,0.0,,,8.1,,1.5,42.6,1433,810,128.28,35.93
2001-12-28,0.5,-4.1,2001-12-28 14:51:00+00:00,5.4,2001-12-28 05:58:00+00:00,0.0,,,8.3,,2.9,14.0,1425,811,129.2167,35.85
2001-12-28,-2.7,-9.3,2001-12-27 22:12:00+00:00,7.7,2001-12-28 05:15:00+00:00,0.0,,,3.0,,0.0,82.1,1394,812,128.27,35.73
2001-12-28,-2.3,-8.2,2001-12-27 20:51:00+00:00,6.6,2001-12-28 05:27:00+00:00,0.0,,,7.7,,0.9,335.7,1424,813,128.73,35.65
2001-12-28,-3.4,-11.1,2001-12-27 22:55:00+00:00,3.8,2001-12-28 04:39:00+00:00,0.0,,,5.9,,1.0,263.4,1432,814,128.6541,36.9789
2001-12-28,-4.0,-11.1,2001-12-27 22:44:00+00:00,6.9,2001-12-28 05:58:00+00:00,0.0,,,5.8,,1.0,51.8,1425,815,128.4644,36.66
2001-12-28,-7.5,-15.0,2001-12-27 22:26:00+00:00,1.8,2001-12-28 05:24:00+00:00,0.0,,,7.7,,1.8,247.2,1431,817,129.21,36.7655
2001-12-28,-2.4,-7.0,2001-12-28 14:57:00+00:00,2.5,2001-12-28 05:46:00+00:00,0.0,,,9.4,,2.2,255.2,1423,818,128.1114,36.7309
2001-12-28,-7.0,-13.3,2001-12-27 22:56:00+00:00,3.0,2001-12-28 06:04:00+00:00,0.0,,,5.5,,0.6,298.4,1419,819,128.8884,36.6605
2001-12-28,-2.4,-8.1,2001-12-28 14:47:00+00:00,4.8,2001-12-28 05:40:00+00:00,0.0,,,9.0,,2.0,247.7,1425,820,128.5086,36.5538
2001-12-28,-1.2,-7.1,2001-12-28 14:54:00+00:00,4.6,2001-12-28 05:34:00+00:00,0.0,,,11.3,,2.6,330.2,1424,821,128.1,36.28
2001-12-28,-0.6,-4.6,2001-12-28 14:30:00+00:00,5.2,2001-12-28 06:35:00+00:00,0.0,,,9.4,,1.9,354.3,1424,824,128.544,36.0831
2001-12-28,-0.1,-4.6,2001-12-28 14:43:00+00:00,5.1,2001-12-28 06:24:00+00:00,0.0,,,12.0,,3.1,261.3,1435,826,128.7932,36.0414
2001-12-28,1.5,-3.0,2001-12-28 14:30:00+00:00,6.6,2001-12-28 05:26:00+00:00,0.0,,,8.8,,2.4,271.5,1413,827,128.7333,35.8167
2001-12-28,0.7,-5.4,2001-12-27 23:10:00+00:00,8.4,2001-12-28 06:56:00+00:00,0.0,,,5.1,,0.9,30.8,1416,828,128.45,35.7
2001-12-28,-1.1,-5.0,2001-12-28 14:58:00+00:00,4.5,2001-12-28 06:00:00+00:00,0.0,,,8.6,,2.7,36.0,1424,829,129.3271,35.7176
2001-12-28,0.8,-3.6,2001-12-28 13:55:00+00:00,6.6,2001-12-28 05:03:00+00:00,0.0,,,4.5,,1.3,307.3,1412,830,129.2064,36.0706
2001-12-28,-3.3,-9.0,2001-12-28 14:57:00+00:00,2.6,2001-12-28 04:59:00+00:00,0.0,,,10.4,,2.4,292.2,1420,833,128.0034,36.599
2001-12-28,-3.7,-7.7,2001-12-28 13:09:00+00:00,1.6,2001-12-28 05:14:00+00:00,0.0,,,8.6,,2.3,278.8,1428,834,127.9519,36.4458
2001-12-28,-5.9,-12.5,2001-12-27 23:18:00+00:00,3.6,2001-12-28 05:20:00+00:00,0.0,,,5.7,,0.6,0.2,1433,835,128.73,36.88
2001-12-28,-4.3,-10.3,2001-12-27 15:00:00+00:00,2.7,2001-12-28 06:05:00+00:00,0.0,,,7.1,,1.1,275.7,1407,836,128.8999,36.2717
2001-12-28,-7.0,-14.2,2001-12-27 22:32:00+00:00,4.9,2001-12-28 05:19:00+00:00,0.0,,,6.2,,0.6,0.3,1427,837,128.63,36.7692
2001-12-28,-5.0,-9.9,2001-12-28 13:13:00+00:00,2.8,2001-12-28 04:54:00+00:00,0.0,,,8.3,,1.4,36.2,1422,838,128.3184,36.7659
2001-12-28,-4.0,-9.3,2001-12-27 22:34:00+00:00,4.6,2001-12-28 05:14:00+00:00,0.0,,,7.6,,1.3,288.9,1411,839,128.9027,36.4558
2001-12-28,-6.7,-12.7,2001-12-27 22:39:00+00:00,2.7,2001-12-28 05:31:00+00:00,0.0,,,7.3,,1.1,215.9,1430,625,127.8167,36.5172
2001-12-28,-2.3,-6.6,2001-12-27 22:37:00+00:00,4.1,2001-12-28 06:06:00+00:00,0.0,,,6.1,,0.7,311.0,1437,641,127.48,36.47
2001-12-28,-0.6,-5.9,2001-12-27 22:07:00+00:00,7.3,2001-12-28 05:38:00+00:00,0.0,,,5.2,,0.9,276.8,1425,840,128.8231,35.9098
2001-12-28,-1.7,-6.2,2001-12-28 14:03:00+00:00,3.9,2001-12-28 05:57:00+00:00,0.0,,,9.9,,1.8,288.6,1425,841,128.9224,36.1076
2001-12-28,-2.1,-8.3,2001-12-28 14:52:00+00:00,4.1,2001-12-28 05:45:00+00:00,0.0,,,8.5,,2.0,243.8,1418,842,129.0473,35.7576
2001-12-28,1.6,-1.8,2001-12-27 23:01:00+00:00,5.9,2001-12-28 06:27:00+00:00,0.0,,,11.0,,3.5,299.6,1427,844,129.37,36.42
2001-12-28,1.4,-2.0,2001-12-28 14:53:00+00:00,6.8,2001-12-28 05:49:00+00:00,0.0,,,7.4,,2.1,274.6,1428,845,128.6,35.85
2001-12-28,1.6,-2.3,2001-12-27 21:37:00+00:00,6.9,2001-12-28 05:06:00+00:00,0.0,,,6.8,,1.5,330.3,1430,846,128.5442,35.8679
2001-12-28,-4.0,-10.4,2001-12-27 22:08:00+00:00,5.7,2001-12-28 06:08:00+00:00,0.0,,,8.8,,1.1,350.8,1425,847,128.4665,36.2763
2001-12-28,-1.5,-6.7,2001-12-27 21:50:00+00:00,7.1,2001-12-28 06:05:00+00:00,0.0,,,7.1,,1.7,314.1,1421,848,128.8922,35.687
2001-12-28,-1.5,-7.3,2001-12-28 14:52:00+00:00,5.1,2001-12-28 06:29:00+00:00,0.0,,,8.3,,1.9,6.9,1426,849,128.299,36.5106
2001-12-28,2.5,-0.1,2001-12-27 22:25:00+00:00,6.6,2001-12-28 06:17:00+00:00,0.0,,,12.4,,3.5,308.2,1415,850,129.5012,35.8071
2001-12-28,1.0,-3.3,2001-12-28 13:40:00+00:00,8.0,2001-12-28 04:14:00+00:00,0.0,,,10.5,,1.8,299.2,1420,851,129.26,37.07
2001-12-28,2.7,-0.8,2001-12-27 17:24:00+00:00,9.2,2001-12-28 05:50:00+00:00,0.0,,,8.8,,3.7,302.6,1440,852,129.4167,37.05
2001-12-28,-0.7,-8.5,2001-12-28 14:46:00+00:00,7.5,2001-12-28 05:49:00+00:00,0.0,,,2.8,,0.3,1.5,1416,854,129.1596,35.5239
2001-12-28,-2.8,-6.5,2001-12-27 22:38:00+00:00,1.7,2001-12-28 04:21:00+00:00,0.0,,,9.3,,1.4,119.0,1439,853,128.6167,36.0
2001-12-28,0.7,-5.8,2001-12-28 14:19:00+00:00,7.0,2001-12-28 05:43:00+00:00,0.0,,,12.3,,3.5,359.3,1414,900,129.0998,35.5824
2001-12-28,3.1,-0.4,2001-12-27 22:31:00+00:00,8.1,2001-12-28 04:51:00+00:00,0.0,,,6.5,,1.2,3.1,1435,901,129.4424,35.4927
2001-12-28,-0.6,-4.5,2001-12-28 14:13:00+00:00,5.3,2001-12-28 04:43:00+00:00,0.0,,,13.0,,2.3,277.3,1431,902,127.7594,35.3188
2001-12-28,1.3,-3.6,2001-12-28 14:49:00+00:00,6.2,2001-12-28 04:44:00+00:00,0.0,,,8.5,,1.0,240.8,1423,741,126.98,35.05
2001-12-28,-1.0,-6.4,2001-12-27 21:50:00+00:00,5.9,2001-12-28 06:37:00+00:00,0.0,,,6.0,,1.1,24.9,1426,903,128.4742,35.3855
2001-12-28,1.0,-4.0,2001-12-28 14:55:00+00:00,7.3,2001-12-28 06:26:00+00:00,0.0,,,7.8,,1.8,314.5,1432,904,128.6667,35.35
2001-12-28,2.6,-1.7,2001-12-28 14:56:00+00:00,8.2,2001-12-28 04:45:00+00:00,0.0,,,6.0,,1.6,201.4,1433,905,129.0362,35.3243
2001-12-28,1.5,-2.7,2001-12-27 21:37:00+00:00,6.7,2001-12-28 04:05:00+00:00,0.0,,,9.3,,2.6,268.0,1429,906,127.6254,35.1883
2001-12-28,1.7,-3.2,2001-12-28 14:48:00+00:00,7.8,2001-12-28 05:15:00+00:00,0.0,,,10.2,,2.5,310.0,1437,908,128.75,35.12
2001-12-28,4.0,0.3,2001-12-27 22:35:00+00:00,8.5,2001-12-28 05:18:00+00:00,0.0,,,7.5,,2.0,356.3,1402,909,128.73,34.78
2001-12-28,3.3,0.2,2001-12-27 21:44:00+00:00,7.5,2001-12-28 05:36:00+00:00,0.0,,,11.1,,2.0,17.6,1433,910,129.08,35.07
2001-12-28,0.3,-4.1,2001-12-27 22:42:00+00:00,5.8,2001-12-28 04:26:00+00:00,0.0,,,9.5,,1.7,295.1,1435,912,127.7167,35.5333
2001-12-28,4.2,1.4,2001-12-28 13:39:00+00:00,7.8,2001-12-28 05:32:00+00:00,0.0,,,13.4,,3.3,292.3,1405,913,127.9854,34.7238
2001-12-28,-2.1,-6.9,2001-12-28 14:42:00+00:00,3.8,2001-12-28 06:09:00+00:00,0.0,,,10.2,,3.1,330.5,1434,914,127.696,35.6447
2001-12-28,-1.8,-8.4,2001-12-27 22:09:00+00:00,7.4,2001-12-28 06:37:00+00:00,0.0,,,7.8,,1.1,351.1,1430,915,128.12,35.42
2001-12-28,1.8,-4.4,2001-12-28 14:54:00+00:00,7.6,2001-12-28 05:53:00+00:00,0.0,,,13.8,,2.4,49.9,1438,916,127.9667,35.3167
2001-12-28,0.1,-6.5,2001-12-27 22:36:00+00:00,9.0,2001-12-28 04:57:00+00:00,0.0,,,4.0,,0.4,181.2,1419,917,128.08,35.07
2001-12-28,1.2,-4.5,2001-12-27 21:58:00+00:00,9.2,2001-12-28 06:16:00+00:00,0.0,,,6.9,,0.7,344.6,1436,918,128.3333,34.97
2001-12-28,-2.5,-8.8,2001-12-27 21:18:00+00:00,7.0,2001-12-28 06:13:00+00:00,0.0,,,6.8,,1.2,8.8,1427,919,128.47,35.55
2001-12-28,-3.0,-9.6,2001-12-27 22:30:00+00:00,8.0,2001-12-28 05:32:00+00:00,0.0,,,4.9,,0.5,4.2,1433,920,128.4,35.3
2001-12-28,0.3,-3.8,2001-12-28 14:51:00+00:00,6.4,2001-12-28 06:01:00+00:00,0.0,,,10.1,,2.8,313.1,1297,922,128.9189,35.3647
2001-12-28,3.1,-1.3,2001-12-27 21:48:00+00:00,7.7,2001-12-28 05:57:00+00:00,0.0,,,7.0,,2.0,340.8,1420,924,129.3603,35.3587
2001-12-28,-1.0,-5.9,2001-12-27 18:41:00+00:00,7.9,2001-12-28 06:06:00+00:00,0.0,,,7.6,,1.1,22.5,1420,925,128.8534,35.3277
2001-12-28,-0.1,-5.4,2001-12-27 21:19:00+00:00,8.7,2001-12-28 05:48:00+00:00,0.0,,,7.7,,1.1,298.3,1420,926,128.4719,35.1137
2001-12-28,-1.1,-6.4,2001-12-28 14:59:00+00:00,7.2,2001-12-28 05:54:00+00:00,0.0,,,7.3,,1.1,327.3,1425,927,128.8809,35.5842
2001-12-28,0.9,-3.5,2001-12-28 14:55:00+00:00,7.9,2001-12-28 05:46:00+00:00,0.0,,,6.3,,0.7,73.3,1433,928,129.1792,35.4122
2001-12-28,-1.6,-8.1,2001-12-27 22:30:00+00:00,7.6,2001-12-28 06:22:00+00:00,0.0,,,8.4,,1.3,256.0,1435,929,128.2586,35.0989
2001-12-28,4.5,0.4,2001-12-27 22:00:00+00:00,9.1,2001-12-28 05:50:00+00:00,0.0,,,7.4,,2.0,251.6,1433,930,128.2251,34.8436
2001-12-28,3.3,0.4,2001-12-28 14:59:00+00:00,6.7,2001-12-28 05:42:00+00:00,0.0,,,8.8,,2.5,285.6,1417,931,128.2634,34.6363
2001-12-28,3.4,-0.8,2001-12-28 14:48:00+00:00,8.2,2001-12-28 05:40:00+00:00,0.0,,,8.0,,1.9,313.2,1419,932,127.75,35.05
2001-12-28,2.8,-1.0,2001-12-27 22:52:00+00:00,8.3,2001-12-28 05:01:00+00:00,0.0,,,9.3,,2.2,233.9,1414,933,127.859,34.9506
2001-12-28,-2.3,-9.2,2001-12-27 22:37:00+00:00,8.6,2001-12-28 05:59:00+00:00,0.0,,,4.7,,0.8,333.7,1422,934,127.9322,35.1986
2001-12-28,-3.0,-8.5,2001-12-27 23:09:00+00:00,6.7,2001-12-28 05:49:00+00:00,0.0,,,4.6,,0.9,74.5,1411,935,128.32,35.55
2001-12-28,-0.9,-6.1,2001-12-27 22:30:00+00:00,7.5,2001-12-28 05:36:00+00:00,0.0,,,5.3,,1.1,92.8,1423,936,128.2833,35.3167
2001-12-28,4.1,1.0,2001-12-27 22:37:00+00:00,8.4,2001-12-28 06:54:00+00:00,0.0,,,9.6,,2.0,286.0,1424,937,129.1669,35.1604
2001-12-28,0.6,-4.5,2001-12-28 14:51:00+00:00,6.4,2001-12-28 05:18:00+00:00,0.0,,,9.1,,1.9,272.6,1422,822,128.13,36.13
2001-12-28,-0.4,-7.4,2001-12-28 14:42:00+00:00,6.9,2001-12-28 06:38:00+00:00,0.0,,,11.1,,1.6,337.5,1427,825,128.4,35.89
2001-12-28,-1.4,-7.7,2001-12-27 23:32:00+00:00,3.3,2001-12-28 05:22:00+00:00,0.0,,,13.0,,3.7,253.8,1432,843,129.2472,36.9356
2001-12-28,3.6,0.6,2001-12-27 22:14:00+00:00,6.3,2001-12-28 06:10:00+00:00,0.0,,,13.2,,4.6,302.5,1417,921,128.8291,34.9897
2001-12-28,2.6,-2.7,2001-12-27 22:48:00+00:00,8.9,2001-12-28 06:14:00+00:00,0.0,,,7.8,,1.3,264.9,1434,923,129.2323,35.264
2001-12-28,2.6,-0.5,2001-12-27 22:26:00+00:00,6.8,2001-12-28 06:56:00+00:00,0.0,,,11.6,,3.4,296.5,1435,938,129.05,35.1333
2001-12-28,1.9,-1.3,2001-12-28 13:55:00+00:00,7.8,2001-12-28 06:30:00+00:00,0.0,,,10.5,,2.5,326.0,1428,939,129.0831,35.2289
2001-12-28,2.8,-0.2,2001-12-27 22:19:00+00:00,7.5,2001-12-28 06:04:00+00:00,0.0,,,13.8,,2.4,354.8,1428,940,129.0787,35.1911
2001-12-28,1.3,-2.3,2001-12-27 22:02:00+00:00,5.6,2001-12-28 05:43:00+00:00,0.0,,,5.6,,0.9,286.5,1419,941,129.0065,35.1926
2001-12-28,2.8,-0.4,2001-12-27 19:52:00+00:00,6.5,2001-12-28 03:11:00+00:00,0.0,,,7.5,,1.8,246.5,1411,942,129.1051,35.1304
2001-12-28,3.2,-0.1,2001-12-27 15:00:00+00:00,7.9,2001-12-28 07:13:00+00:00,0.0,,,10.1,,3.4,347.0,1435,943,129.3519,35.5076
2001-12-28,0.5,-5.8,2001-12-27 22:57:00+00:00,7.6,2001-12-28 05:45:00+00:00,0.0,,,7.1,,1.6,2.7,1426,944,128.569,35.387
2001-12-28,1.4,-1.4,2001-12-27 19:12:00+00:00,5.9,2001-12-28 06:32:00+00:00,0.0,,,11.0,,3.1,314.0,1432,945,127.99,35.5345
2001-12-28,-1.5,-7.7,2001-12-28 14:57:00+00:00,5.0,2001-12-28 05:25:00+00:00,0.0,,,9.8,,1.6,355.4,1431,946,127.8193,35.7773
2001-12-28,3.5,-1.0,2001-12-28 14:51:00+00:00,7.8,2001-12-28 06:47:00+00:00,0.0,,,9.9,,3.3,330.6,1379,947,128.6036,34.7257
2001-12-28,0.7,-6.0,2001-12-28 14:54:00+00:00,7.9,2001-12-28 05:37:00+00:00,0.0,,,9.7,,2.1,32.6,1440,948,127.85,35.2833
2001-12-28,2.4,-3.0,2001-12-28 14:02:00+00:00,8.3,2001-12-28 06:41:00+00:00,0.0,,,10.7,,2.9,268.0,1440,949,129.45,35.5833
2001-12-28,4.8,2.1,2001-12-28 14:35:00+00:00,8.6,2001-12-28 06:30:00+00:00,0.0,,,8.1,,2.3,346.0,1431,950,129.1381,35.1612
2001-12-28,-1.3,-5.6,2001-12-28 14:46:00+00:00,4.7,2001-12-28 03:15:00+00:00,0.0,,,5.6,,0.5,256.5,1440,951,126.9,35.4667
2001-12-28,0.0,-3.0,2001-12-27 20:37:00+00:00,4.1,2001-12-28 06:16:00+00:00,0.0,,,6.4,,2.5,285.0,1438,144,126.7834,36.0123
2001-12-28,-3.9,-7.8,2001-12-27 22:11:00+00:00,3.1,2001-12-28 04:48:00+00:00,0.0,,,5.0,,0.4,67.9,1439,327,127.512,36.6503
2001-12-28,-2.4,-6.8,2001-12-27 22:27:00+00:00,2.1,2001-12-28 04:38:00+00:00,0.0,,,7.0,,1.0,215.8,1429,414,126.9993,37.6105
2001-12-28,-3.7,-9.2,2001-12-27 23:03:00+00:00,2.2,2001-12-28 05:36:00+00:00,0.0,,,4.7,,1.3,278.9,1413,503,126.6833,37.8833
2001-12-28,-7.3,-15.4,2001-12-27 22:35:00+00:00,2.8,2001-12-28 04:43:00+00:00,0.0,,,7.5,,0.9,265.4,1308,505,127.35,37.82
2001-12-28,-5.0,-11.9,2001-12-27 22:40:00+00:00,3.5,2001-12-28 06:35:00+00:00,0.0,,,5.1,,1.1,304.6,1409,506,126.779,37.7584
2001-12-28,-9.4,-17.4,2001-12-27 22:32:00+00:00,2.1,2001-12-28 06:07:00+00:00,0.0,,,6.0,,0.6,0.0,1413,507,127.1891,37.9917
2001-12-28,-4.2,-9.3,2001-12-27 21:28:00+00:00,3.1,2001-12-28 05:38:00+00:00,0.0,,,5.1,,1.2,22.4,1429,509,126.9507,37.4562
2001-12-28,-1.2,-4.6,2001-12-27 22:39:00+00:00,3.4,2001-12-28 06:41:00+00:00,0.0,,,5.4,,1.4,252.6,1420,510,126.908,37.5262
2001-12-28,-3.1,-8.1,2001-12-27 21:21:00+00:00,4.1,2001-12-28 06:05:00+00:00,0.0,,,5.2,,1.2,263.0,1417,511,126.6833,37.55
2001-12-28,-1.5,-6.3,2001-12-27 23:08:00+00:00,3.7,2001-12-28 05:48:00+00:00,0.0,,,4.3,,1.0,4.6,1419,512,126.6621,37.3968
2001-12-28,-0.8,-2.5,2001-12-27 19:00:00+00:00,1.1,2001-12-28 07:19:00+00:00,0.0,,,11.0,,2.9,8.7,1429,513,126.1468,37.2331
2001-12-28,-1.9,-5.6,2001-12-27 23:01:00+00:00,1.8,2001-12-28 05:33:00+00:00,0.0,,,5.5,,1.3,307.1,1425,514,126.5806,37.2455
2001-12-28,-2.6,-8.6,2001-12-27 22:42:00+00:00,2.9,2001-12-28 05:12:00+00:00,0.0,,,5.3,,0.9,205.4,1440,515,126.8128,37.0952
2001-12-28,-4.1,-10.6,2001-12-27 22:15:00+00:00,3.7,2001-12-28 06:30:00+00:00,0.0,,,5.2,,0.6,262.3,1417,516,127.2651,37.013
2001-12-28,0.4,-4.0,2001-12-27 20:50:00+00:00,7.3,2001-12-28 05:37:00+00:00,0.0,,,11.0,,3.9,251.3,1419,517,128.43,38.38
2001-12-28,-8.6,-19.2,2001-12-27 22:39:00+00:00,-0.8,2001-12-28 04:55:00+00:00,0.0,,,4.1,,0.5,208.6,1315,518,128.1397,38.2847
2001-12-28,-9.2,-15.9,2001-12-27 22:07:00+00:00,0.2,2001-12-28 05:23:00+00:00,0.0,,,5.8,,1.0,343.7,1294,519,127.5235,38.0702
2001-12-28,-1.2,-7.3,2001-12-27 23:10:00+00:00,3.9,2001-12-28 04:08:00+00:00,0.0,,,7.1,,1.4,260.8,1421,520,128.4933,38.1721
2001-12-28,1.4,-1.9,2001-12-27 21:43:00+00:00,5.8,2001-12-28 06:08:00+00:00,0.0,,,11.5,,3.4,261.0,1417,521,128.7226,38.0147
2001-12-28,-10.0,-17.5,2001-12-27 22:33:00+00:00,1.2,2001-12-28 06:42:00+00:00,0.0,,,4.6,,0.7,212.2,1310,522,128.0184,37.8675
2001-12-28,3.0,-0.1,2001-12-27 23:07:00+00:00,7.7,2001-12-28 05:43:00+00:00,0.0,,,6.1,,1.9,206.2,1436,523,128.83,37.9
2001-12-28,0.9,-3.1,2001-12-27 22:39:00+00:00,6.5,2001-12-28 06:43:00+00:00,0.0,,,8.5,,3.2,206.0,1437,524,128.9045,37.8047
2001-12-28,-11.1,-19.3,2001-12-27 22:33:00+00:00,-0.5,2001-12-28 04:33:00+00:00,0.0,,,5.8,,0.8,216.1,1426,525,128.3797,37.6161
2001-12-28,-8.3,-15.0,2001-12-27 22:50:00+00:00,2.5,2001-12-28 06:34:00+00:00,0.0,,,4.2,,0.6,212.9,1428,526,128.3946,37.3779
2001-12-28,-9.7,-17.9,2001-12-27 23:13:00+00:00,0.8,2001-12-28 05:57:00+00:00,0.0,,,5.5,,0.7,201.5,1403,527,128.6645,37.4299
2001-12-28,1.1,-1.1,2001-12-28 10:29:00+00:00,3.7,2001-12-28 05:22:00+00:00,0.0,,,7.4,,2.3,46.1,1431,528,124.7187,37.9743
2001-12-28,0.4,-4.2,2001-12-28 14:54:00+00:00,7.0,2001-12-28 05:43:00+00:00,0.0,,,8.1,,1.9,320.2,1428,529,129.3434,37.2325
2001-12-28,4.7,2.1,2001-12-28 02:03:00+00:00,7.0,2001-12-28 06:52:00+00:00,1.5,,,16.5,,3.0,24.7,1407,530,130.7977,37.5184
2001-12-28,-8.0,-14.5,2001-12-27 22:44:00+00:00,2.7,2001-12-28 06:31:00+00:00,0.0,,,4.2,,0.6,206.7,1306,531,127.5502,37.8856
2001-12-28,-5.2,-11.9,2001-12-27 22:26:00+00:00,2.0,2001-12-28 05:46:00+00:00,0.0,,,4.0,,0.9,326.4,1418,532,127.0352,37.7355
2001-12-28,-6.3,-12.9,2001-12-27 22:55:00+00:00,3.0,2001-12-28 05:52:00+00:00,0.0,,,4.4,,0.9,264.3,1381,533,127.3333,37.55
2001-12-28,-5.0,-11.9,2001-12-27 22:58:00+00:00,3.4,2001-12-28 06:13:00+00:00,0.0,,,5.0,,0.7,237.5,1416,534,127.6171,37.1147
2001-12-28,-10.1,-16.9,2001-12-27 22:18:00+00:00,1.9,2001-12-28 05:08:00+00:00,0.0,,,1.4,,0.1,196.8,1318,535,128.1867,37.7116
2001-12-28,-7.2,-14.2,2001-12-27 22:46:00+00:00,2.6,2001-12-28 06:28:00+00:00,0.0,,,4.7,,0.7,175.0,1430,536,127.88,37.47
2001-12-28,-8.7,-16.6,2001-12-27 23:29:00+00:00,0.4,2001-12-28 06:37:00+00:00,1.0,,,5.4,,1.3,234.9,1426,537,128.852,37.4949
2001-12-28,-10.1,-19.5,2001-12-28 11:17:00+00:00,1.1,2001-12-28 05:46:00+00:00,0.0,,,4.2,,0.5,237.9,1261,538,127.103,38.1725
2001-12-28,-8.8,,,,,0.0,,,,,,,1106,539,127.3667,38.0333
2001-12-28,-3.3,-8.6,2001-12-27 20:14:00+00:00,3.9,2001-12-28 06:17:00+00:00,0.0,,,3.9,,1.0,356.9,1419,540,126.8774,37.6413
2001-12-28,-7.2,-14.6,2001-12-27 22:11:00+00:00,3.7,2001-12-28 05:50:00+00:00,0.0,,,4.2,,0.3,282.0,1422,541,127.18,37.65
2001-12-28,-9.4,-17.1,2001-12-27 22:23:00+00:00,1.8,2001-12-28 05:18:00+00:00,0.0,,,5.5,,0.6,318.0,1311,557,128.3209,37.9513
2001-12-28,-8.3,-15.0,2001-12-27 22:48:00+00:00,1.0,2001-12-28 06:45:00+00:00,0.0,,,5.3,,0.6,135.4,1420,561,128.1555,37.5816
2001-12-28,0.9,-2.6,2001-12-27 22:47:00+00:00,5.3,2001-12-28 04:25:00+00:00,0.0,,,14.7,,6.2,255.9,1420,580,129.0378,37.6126
2001-12-28,-2.9,-10.0,2001-12-27 20:11:00+00:00,2.9,2001-12-28 05:43:00+00:00,0.0,,,9.1,,3.4,227.9,1414,593,128.5265,37.9811
