dt,ta,tn,tn_at,tx,tx_at,rn,rx_1hr,rx_1hr_at,wx,wx_at,wa,wd_wx,nmin,code,x,y
2008-01-05,-3.2,-9.2,2008-01-04 23:31:00+00:00,6.4,2008-01-05 04:59:00+00:00,0.0,,,3.1,,0.2,329.2,1440,680,127.8441,38.2127
2008-01-05,-3.8,-9.7,2008-01-04 22:33:00+00:00,3.8,2008-01-05 04:46:00+00:00,0.0,,,4.3,,0.4,186.0,1440,681,127.8117,38.2438
2008-01-05,-2.1,,,,,,,,,,,,144,682,127.8647,38.2806
2008-01-05,0.0,-5.4,2008-01-04 23:06:00+00:00,7.8,2008-01-05 04:59:00+00:00,0.0,,,3.9,,0.5,153.2,1440,691,126.8878,36.3539
2008-01-05,-4.3,-10.8,2008-01-04 23:32:00+00:00,5.0,2008-01-05 07:06:00+00:00,0.0,,,5.9,,0.6,209.5,1438,692,126.9178,38.0264
2008-01-05,-3.2,-8.1,2008-01-04 18:56:00+00:00,4.4,2008-01-05 05:23:00+00:00,0.0,,,6.5,,0.6,305.7,1420,693,127.8909,36.6945
2008-01-05,-1.2,,,,,,,,,,,,144,694,126.6094,36.7044
2008-01-05,-6.7,-8.9,2008-01-04 19:08:00+00:00,-4.7,2008-01-05 06:22:00+00:00,0.0,,,9.6,,4.6,299.4,1440,695,127.432,38.1162
2008-01-05,2.3,-2.8,2008-01-04 15:00:00+00:00,8.1,2008-01-05 05:51:00+00:00,0.0,,,5.1,,0.8,315.0,1440,696,129.085,37.3464
2008-01-05,6.7,,,,,,,,,,,,144,697,125.8483,34.2217
2008-01-05,2.4,-1.8,2008-01-04 23:15:00+00:00,9.4,2008-01-05 04:37:00+00:00,0.0,,,5.3,,0.9,244.2,1440,698,126.2851,35.0938
2008-01-05,1.2,-3.1,2008-01-04 22:47:00+00:00,7.8,2008-01-05 04:45:00+00:00,0.0,,,3.0,,0.4,32.2,1439,699,126.4833,35.01
2008-01-05,5.8,3.3,2008-01-04 21:59:00+00:00,8.3,2008-01-05 06:07:00+00:00,0.0,,,7.2,,2.4,201.7,1440,700,125.9682,36.1251
2008-01-05,-0.7,-5.4,2008-01-04 22:08:00+00:00,6.9,2008-01-05 05:41:00+00:00,0.0,,,6.0,,0.5,337.5,1440,701,127.6719,36.004
2008-01-05,1.2,-3.3,2008-01-04 22:30:00+00:00,6.9,2008-01-05 04:59:00+00:00,0.0,,,4.0,,0.4,233.4,1440,702,126.9943,35.9385
2008-01-05,-1.4,-6.2,2008-01-04 21:26:00+00:00,7.0,2008-01-05 05:11:00+00:00,0.0,,,5.6,,0.9,278.4,1440,703,127.3783,35.7702
2008-01-05,3.5,-0.1,2008-01-04 19:38:00+00:00,7.1,2008-01-05 06:31:00+00:00,0.0,,,3.7,,1.2,0.0,1429,704,126.463,35.6351
2008-01-05,0.8,-3.7,2008-01-04 22:15:00+00:00,8.5,2008-01-05 06:38:00+00:00,0.0,,,4.1,,1.0,225.0,1440,706,126.9731,35.3114
2008-01-05,3.3,-0.2,2008-01-04 20:59:00+00:00,9.0,2008-01-05 04:26:00+00:00,0.0,,,4.5,,0.5,288.2,1440,707,126.2076,35.0612
2008-01-05,0.4,-4.2,2008-01-04 21:51:00+00:00,7.5,2008-01-05 06:11:00+00:00,0.0,,,3.3,,0.6,267.1,1440,708,126.7333,35.1167
2008-01-05,1.9,-3.5,2008-01-04 15:21:00+00:00,7.7,2008-01-05 05:51:00+00:00,0.0,,,5.9,,2.1,334.7,1440,709,127.461,35.1973
2008-01-05,0.1,-5.1,2008-01-04 22:19:00+00:00,7.4,2008-01-05 05:49:00+00:00,0.0,,,2.6,,0.5,45.0,1440,710,126.7514,35.0358
2008-01-05,0.3,-4.3,2008-01-04 23:07:00+00:00,7.4,2008-01-05 04:02:00+00:00,0.0,,,8.6,,1.5,312.2,1440,711,126.9886,34.8879
2008-01-05,4.5,1.0,2008-01-05 14:19:00+00:00,9.5,2008-01-05 05:31:00+00:00,0.0,,,10.2,,2.3,315.0,1440,712,127.4875,34.9506
2008-01-05,2.6,-1.9,2008-01-04 15:01:00+00:00,8.3,2008-01-05 05:29:00+00:00,0.0,,,9.2,,1.9,284.0,1440,713,127.5829,34.976
2008-01-05,2.4,-1.4,2008-01-04 22:07:00+00:00,8.5,2008-01-05 04:48:00+00:00,0.0,,,5.3,,0.6,276.7,1440,714,126.0474,34.8845
2008-01-05,2.0,-2.8,2008-01-04 21:30:00+00:00,10.0,2008-01-05 04:22:00+00:00,0.0,,,5.2,,0.6,1.7,1440,715,126.2691,34.479
2008-01-05,3.6,-0.6,2008-01-04 22:58:00+00:00,8.4,2008-01-05 06:09:00+00:00,0.0,,,6.4,,0.8,1.3,1440,716,126.0366,34.6069
2008-01-05,1.9,-2.4,2008-01-04 22:21:00+00:00,9.5,2008-01-05 05:14:00+00:00,0.0,,,6.5,,1.1,345.0,1440,717,126.1902,34.4064
2008-01-05,4.2,0.8,2008-01-04 19:24:00+00:00,9.2,2008-01-05 03:30:00+00:00,0.0,,,7.2,,0.9,339.6,1439,718,126.0473,34.2966
2008-01-05,4.2,1.7,2008-01-04 21:13:00+00:00,7.7,2008-01-05 07:05:00+00:00,0.0,,,5.2,,1.3,106.4,1440,719,126.3977,35.8118
2008-01-05,5.6,2.3,2008-01-04 22:46:00+00:00,10.2,2008-01-05 05:00:00+00:00,0.0,,,4.6,,0.8,271.6,1440,720,126.5676,34.1691
2008-01-05,-0.5,-6.6,2008-01-04 21:48:00+00:00,8.5,2008-01-05 06:53:00+00:00,0.0,,,1.9,,0.3,11.2,1430,738,126.6775,35.5904
2008-01-05,-0.5,-4.9,2008-01-04 21:44:00+00:00,6.8,2008-01-05 05:13:00+00:00,0.0,,,4.0,,0.9,351.6,1440,770,126.8275,34.9473
2008-01-05,3.9,-0.4,2008-01-04 22:14:00+00:00,7.9,2008-01-05 04:22:00+00:00,0.0,,,6.8,,0.8,346.1,1440,771,126.1246,34.7561
2008-01-05,3.6,-1.2,2008-01-04 22:39:00+00:00,8.5,2008-01-05 02:50:00+00:00,0.0,,,8.1,,1.6,323.3,1440,772,126.343,34.4906
2008-01-05,1.5,-2.6,2008-01-04 22:04:00+00:00,9.3,2008-01-05 05:15:00+00:00,0.0,,,6.1,,0.9,304.1,1440,773,126.5718,34.6993
2008-01-05,1.0,-3.1,2008-01-04 22:50:00+00:00,8.4,2008-01-05 04:37:00+00:00,0.0,,,7.8,,0.4,12.3,1440,774,126.5021,34.9308
2008-01-05,-0.9,-6.0,2008-01-04 22:46:00+00:00,7.2,2008-01-05 05:22:00+00:00,0.0,,,5.3,,0.6,304.5,1440,775,126.6322,35.1801
2008-01-05,0.1,-4.6,2008-01-04 22:23:00+00:00,7.1,2008-01-05 05:00:00+00:00,0.0,,,11.7,,1.4,359.1,1440,776,126.5534,34.4602
2008-01-05,2.3,-1.9,2008-01-04 23:16:00+00:00,7.8,2008-01-05 05:16:00+00:00,0.0,,,9.8,,1.9,1.0,1440,777,126.8883,34.4994
2008-01-05,-0.7,-4.8,2008-01-04 22:33:00+00:00,6.1,2008-01-05 05:44:00+00:00,0.0,,,8.5,,1.3,256.3,1440,778,126.88,34.78
2008-01-05,6.7,3.1,2008-01-05 14:07:00+00:00,10.7,2008-01-05 03:38:00+00:00,0.0,,,5.7,,1.9,346.3,1440,779,126.2673,33.4105
2008-01-05,7.4,4.5,2008-01-05 14:30:00+00:00,12.4,2008-01-05 03:42:00+00:00,0.0,,,10.0,,2.6,10.3,1440,780,126.7208,33.28
2008-01-05,7.5,3.3,2008-01-05 14:43:00+00:00,11.1,2008-01-05 05:21:00+00:00,0.0,,,9.3,,3.4,310.8,1440,781,126.8519,33.5226
2008-01-05,1.9,-1.9,2008-01-05 11:44:00+00:00,7.4,2008-01-05 03:58:00+00:00,0.0,,,8.0,,1.5,296.0,1440,782,126.6194,33.3845
2008-01-05,2.1,-2.6,2008-01-04 21:53:00+00:00,10.3,2008-01-05 05:26:00+00:00,0.0,,,4.9,,0.5,307.5,1440,783,126.81,35.19
2008-01-05,1.7,-2.6,2008-01-04 21:55:00+00:00,8.8,2008-01-05 05:49:00+00:00,0.0,,,5.8,,0.8,289.7,1440,784,126.6071,34.8686
2008-01-05,3.1,-1.6,2008-01-05 14:09:00+00:00,8.5,2008-01-05 06:08:00+00:00,0.0,,,9.6,,2.1,344.8,1440,785,126.6761,34.4642
2008-01-05,5.0,2.0,2008-01-04 16:09:00+00:00,9.1,2008-01-05 06:05:00+00:00,0.0,,,6.5,,2.8,299.9,1440,786,127.72,34.62
2008-01-05,4.4,1.6,2008-01-04 15:36:00+00:00,8.6,2008-01-05 05:08:00+00:00,0.0,,,12.6,,4.8,295.2,1440,787,127.3325,34.4522
2008-01-05,1.1,-3.5,2008-01-04 21:58:00+00:00,7.7,2008-01-05 05:00:00+00:00,0.0,,,4.3,,0.4,306.6,1433,788,126.8771,35.1343
2008-01-05,3.3,-0.8,2008-01-04 23:00:00+00:00,8.5,2008-01-05 05:07:00+00:00,0.0,,,5.0,,0.8,341.0,1440,789,126.3126,34.8657
2008-01-05,5.0,2.3,2008-01-04 21:41:00+00:00,8.5,2008-01-05 06:41:00+00:00,0.0,,,9.0,,4.3,303.7,1440,790,127.49,34.4143
2008-01-05,0.0,-3.8,2008-01-04 21:58:00+00:00,7.5,2008-01-05 05:55:00+00:00,0.0,,,17.9,,0.7,204.1,1440,791,127.5838,35.2662
2008-01-05,6.8,3.9,2008-01-05 14:39:00+00:00,13.0,2008-01-05 05:29:00+00:00,0.0,,,8.8,,3.0,310.3,1440,792,126.7667,33.35
2008-01-05,7.9,6.0,2008-01-04 16:08:00+00:00,11.3,2008-01-05 05:24:00+00:00,0.0,,,8.9,,3.4,10.4,1440,793,126.25,33.2167
2008-01-05,0.3,-4.7,2008-01-04 22:18:00+00:00,7.7,2008-01-05 06:05:00+00:00,0.0,,,8.1,,0.9,288.8,1440,794,127.4271,35.1014
2008-01-05,1.9,-2.7,2008-01-04 15:01:00+00:00,7.6,2008-01-05 04:41:00+00:00,0.0,,,8.2,,1.1,305.3,1440,795,127.3625,34.9908
2008-01-05,5.2,3.0,2008-01-04 22:03:00+00:00,7.7,2008-01-05 05:44:00+00:00,0.0,,,9.8,,4.7,229.4,1440,796,127.2448,34.2378
2008-01-05,8.0,6.5,2008-01-04 15:01:00+00:00,9.6,2008-01-05 03:05:00+00:00,0.0,,,8.5,,3.5,310.7,1440,797,125.2995,34.395
2008-01-05,7.8,5.5,2008-01-04 22:24:00+00:00,9.9,2008-01-05 04:54:00+00:00,0.0,,,9.7,,3.8,326.0,1440,798,125.1833,34.6667
2008-01-05,4.2,1.4,2008-01-04 18:35:00+00:00,8.6,2008-01-05 05:59:00+00:00,0.0,,,5.4,,1.1,306.5,1440,799,126.1376,35.2022
2008-01-05,5.2,2.8,2008-01-04 20:17:00+00:00,9.8,2008-01-05 06:10:00+00:00,0.0,,,11.5,,3.5,275.9,1440,800,129.4622,36.6809
2008-01-05,0.7,-4.5,2008-01-04 15:04:00+00:00,7.1,2008-01-05 06:22:00+00:00,0.0,,,8.7,,1.3,213.7,1440,801,129.1121,36.667
2008-01-05,3.4,-2.3,2008-01-04 22:48:00+00:00,8.2,2008-01-05 05:52:00+00:00,0.0,,,7.4,,0.8,191.4,1440,802,129.3455,36.7241
2008-01-05,-3.1,-9.5,2008-01-04 16:45:00+00:00,6.6,2008-01-05 05:42:00+00:00,0.0,,,7.7,,1.1,267.2,1440,803,129.07,36.42
2008-01-05,2.3,-3.1,2008-01-04 22:44:00+00:00,7.0,2008-01-05 04:32:00+00:00,0.0,,,9.6,,2.7,264.3,1440,912,127.7798,35.5253
2008-01-05,-0.5,-5.9,2008-01-04 22:23:00+00:00,7.1,2008-01-05 04:56:00+00:00,0.0,,,8.1,,1.6,281.2,1440,820,128.5065,36.5562
2008-01-05,-1.8,-8.3,2008-01-04 21:08:00+00:00,7.3,2008-01-05 05:23:00+00:00,0.0,,,6.4,,1.2,334.7,1440,823,128.57,36.23
2008-01-05,1.7,-3.3,2008-01-04 16:24:00+00:00,8.4,2008-01-05 05:42:00+00:00,0.0,,,9.8,,2.1,37.2,1440,829,129.3271,35.7176
2008-01-05,-0.9,-7.9,2008-01-04 22:43:00+00:00,7.7,2008-01-05 06:43:00+00:00,0.0,,,7.5,,1.2,306.6,1440,832,128.4401,36.3839
2008-01-05,-4.8,-7.2,2008-01-04 19:23:00+00:00,-1.7,2008-01-05 06:19:00+00:00,0.0,,,14.1,,5.7,288.6,1416,874,127.5833,38.2833
2008-01-05,-0.3,-5.7,2008-01-04 22:41:00+00:00,8.5,2008-01-05 05:41:00+00:00,0.0,,,6.2,,0.9,306.6,1440,925,128.8491,35.3282
2008-01-05,0.3,-5.6,2008-01-04 22:53:00+00:00,10.2,2008-01-05 06:17:00+00:00,0.0,,,4.5,,0.9,11.3,1440,948,127.8319,35.2984
2008-01-05,2.7,-3.0,2008-01-04 16:11:00+00:00,10.2,2008-01-05 06:14:00+00:00,0.0,,,9.2,,2.9,278.3,1440,949,129.4496,35.6144
2008-01-05,-1.8,-4.7,2008-01-04 21:45:00+00:00,1.9,2008-01-05 06:04:00+00:00,0.0,,,12.2,,5.0,231.7,1440,116,126.967,37.4433
2008-01-05,2.0,-1.4,2008-01-04 17:27:00+00:00,5.7,2008-01-05 03:56:00+00:00,0.0,,,5.6,,2.3,104.8,1440,144,126.7834,36.0123
2008-01-05,0.7,-2.1,2008-01-05 00:09:00+00:00,3.5,2008-01-05 05:22:00+00:00,0.0,,,17.7,,8.8,0.0,1440,160,129.0,35.1188
2008-01-05,8.9,7.1,2008-01-04 21:43:00+00:00,10.9,2008-01-05 06:25:00+00:00,0.0,,,7.1,,3.6,228.6,1392,229,125.5595,36.6254
2008-01-05,4.7,1.6,2008-01-04 22:17:00+00:00,7.6,2008-01-05 05:06:00+00:00,0.0,,,6.2,,1.8,319.7,1397,300,126.3153,35.8584
2008-01-05,4.1,0.3,2008-01-04 18:28:00+00:00,8.6,2008-01-05 06:13:00+00:00,0.0,,,6.8,,0.9,343.2,1440,302,126.1491,34.6432
2008-01-05,7.1,4.8,2008-01-05 09:51:00+00:00,10.2,2008-01-05 03:53:00+00:00,0.0,,,6.3,,1.9,267.3,1440,303,125.1167,34.0667
2008-01-05,3.5,-0.6,2008-01-04 22:22:00+00:00,8.4,2008-01-05 04:44:00+00:00,0.0,,,7.8,,2.0,312.3,1440,304,126.8273,34.3347
2008-01-05,6.6,4.2,2008-01-04 15:31:00+00:00,9.4,2008-01-05 05:36:00+00:00,0.0,,,8.2,,2.1,32.4,1440,305,126.9201,33.9862
2008-01-05,6.5,3.9,2008-01-04 21:01:00+00:00,10.0,2008-01-05 05:34:00+00:00,0.0,,,10.0,,3.0,9.0,1440,306,127.8008,34.9525
2008-01-05,6.5,4.7,2008-01-04 21:16:00+00:00,8.5,2008-01-05 06:44:00+00:00,0.0,,,4.6,,1.7,236.6,1440,307,127.4496,34.2437
2008-01-05,5.2,1.5,2008-01-04 22:49:00+00:00,9.0,2008-01-05 05:31:00+00:00,0.0,,,13.4,,5.2,296.8,1439,310,129.1185,37.5546
2008-01-05,-2.2,-6.1,2008-01-04 22:41:00+00:00,5.6,2008-01-05 04:03:00+00:00,0.0,,,4.7,,0.6,208.6,1440,311,128.0867,35.7892
2008-01-05,-1.5,-7.4,2008-01-04 17:23:00+00:00,5.9,2008-01-05 06:18:00+00:00,0.0,,,11.1,,1.5,202.9,1440,312,129.1418,36.3908
2008-01-05,5.7,2.8,2008-01-04 23:02:00+00:00,9.7,2008-01-05 07:00:00+00:00,0.0,,,6.0,,1.2,329.4,1440,313,128.7514,34.8934
2008-01-05,-7.3,-11.4,2008-01-04 17:57:00+00:00,-3.3,2008-01-05 03:24:00+00:00,0.0,,,14.8,,6.4,243.8,1440,314,127.7431,35.8662
2008-01-05,-1.3,-5.8,2008-01-04 19:06:00+00:00,1.3,2008-01-05 14:47:00+00:00,0.0,,,7.4,,1.6,243.2,1440,315,127.5108,35.3067
2008-01-05,-2.4,-4.6,2008-01-04 15:03:00+00:00,0.5,2008-01-05 04:57:00+00:00,0.0,,,14.6,,3.2,4.7,1440,316,126.9974,35.1144
2008-01-05,-1.3,-5.1,2008-01-04 21:20:00+00:00,5.7,2008-01-05 04:25:00+00:00,0.0,,,4.4,,1.6,240.3,1417,317,127.0454,35.7189
2008-01-05,-3.3,-7.4,2008-01-04 22:54:00+00:00,1.6,2008-01-05 05:16:00+00:00,0.0,,,11.3,,2.0,221.2,1440,318,128.6794,37.6437
2008-01-05,7.1,4.4,2008-01-05 14:19:00+00:00,9.1,2008-01-04 17:27:00+00:00,0.0,,,10.9,,2.5,331.1,1440,319,130.8746,37.5408
2008-01-05,-2.8,-10.1,2008-01-04 23:00:00+00:00,4.1,2008-01-05 04:54:00+00:00,0.0,,,8.1,,1.7,244.6,1440,321,128.1963,38.1147
2008-01-05,-5.3,-11.3,2008-01-04 22:56:00+00:00,4.0,2008-01-05 04:41:00+00:00,0.0,,,5.8,,0.5,199.8,1440,322,127.6698,38.2155
2008-01-05,-5.4,-13.2,2008-01-04 22:30:00+00:00,2.8,2008-01-05 05:36:00+00:00,0.0,,,9.1,,0.9,6.5,1191,323,127.5542,38.2728
2008-01-05,-2.4,-8.0,2008-01-04 22:45:00+00:00,5.6,2008-01-05 06:02:00+00:00,0.0,,,7.7,,1.4,22.3,1424,324,128.0802,36.8831
2008-01-05,-3.8,-10.1,2008-01-04 22:48:00+00:00,4.5,2008-01-05 04:44:00+00:00,0.0,,,6.8,,0.7,226.3,1423,325,128.0254,37.1376
2008-01-05,-2.5,-8.1,2008-01-04 22:41:00+00:00,5.0,2008-01-05 04:30:00+00:00,0.0,,,5.5,,0.9,96.5,1440,326,127.583,37.5453
2008-01-05,-1.1,-5.7,2008-01-04 22:59:00+00:00,5.3,2008-01-05 05:34:00+00:00,0.0,,,4.1,,0.5,128.1,1440,327,127.512,36.6503
2008-01-05,7.8,4.0,2008-01-05 10:41:00+00:00,12.7,2008-01-05 04:16:00+00:00,0.0,,,6.7,,1.4,317.1,1440,328,126.4061,33.2495
2008-01-05,2.3,-2.1,2008-01-05 13:23:00+00:00,6.4,2008-01-05 03:46:00+00:00,0.0,,,7.4,,2.1,228.7,1440,329,126.5439,33.4238
2008-01-05,5.7,1.7,2008-01-04 16:11:00+00:00,11.0,2008-01-05 04:31:00+00:00,0.0,,,10.0,,2.9,5.4,1440,330,126.4616,33.2886
2008-01-05,2.2,-2.2,2008-01-04 22:38:00+00:00,6.6,2008-01-05 06:40:00+00:00,0.0,,,4.8,,1.1,272.7,1440,400,127.0485,37.5094
2008-01-05,2.0,-2.2,2008-01-04 21:46:00+00:00,7.3,2008-01-05 05:31:00+00:00,0.0,,,5.0,,0.9,230.1,1440,401,127.02,37.48
2008-01-05,-0.5,-5.9,2008-01-04 22:46:00+00:00,6.1,2008-01-05 05:48:00+00:00,0.0,,,5.8,,0.8,221.8,1440,402,127.1484,37.5519
2008-01-05,2.8,-1.9,2008-01-04 22:26:00+00:00,7.2,2008-01-05 06:36:00+00:00,0.0,,,5.2,,0.8,296.0,1440,403,127.1004,37.5082
2008-01-05,2.4,-2.6,2008-01-04 22:37:00+00:00,6.8,2008-01-05 04:52:00+00:00,0.0,,,5.3,,1.0,256.5,1440,404,126.85,37.55
2008-01-05,2.5,-2.1,2008-01-04 23:01:00+00:00,7.2,2008-01-05 04:35:00+00:00,0.0,,,4.3,,0.6,327.1,1440,405,126.8793,37.524
2008-01-05,-0.5,-5.9,2008-01-04 22:45:00+00:00,6.5,2008-01-05 05:34:00+00:00,0.0,,,6.0,,0.4,233.2,1440,406,127.0352,37.6633
2008-01-05,-0.6,-6.8,2008-01-04 22:42:00+00:00,6.1,2008-01-05 06:44:00+00:00,0.0,,,7.7,,1.2,242.8,1440,407,127.0894,37.6194
2008-01-05,2.3,-2.0,2008-01-04 22:28:00+00:00,6.7,2008-01-05 05:41:00+00:00,0.0,,,7.3,,1.3,220.6,1439,408,127.0501,37.5772
2008-01-05,1.6,-3.0,2008-01-04 23:33:00+00:00,6.1,2008-01-05 04:25:00+00:00,0.0,,,6.0,,1.2,300.5,1440,409,127.0889,37.5835
2008-01-05,2.5,-2.0,2008-01-04 22:40:00+00:00,6.9,2008-01-05 05:42:00+00:00,0.0,,,5.8,,1.1,247.5,1440,410,126.9228,37.4935
2008-01-05,2.9,-1.7,2008-01-04 22:45:00+00:00,6.6,2008-01-05 05:14:00+00:00,0.0,,,5.5,,1.0,257.5,1440,411,126.9342,37.5431
2008-01-05,2.1,-2.9,2008-01-04 22:27:00+00:00,7.1,2008-01-05 04:55:00+00:00,0.0,,,5.9,,0.9,305.3,1440,412,126.9466,37.5676
2008-01-05,,,,,,,,,,,,,64,872,127.7167,35.3333
2008-01-05,2.7,-1.6,2008-01-04 23:09:00+00:00,6.7,2008-01-05 05:19:00+00:00,0.0,,,6.5,,1.4,252.5,1440,413,127.0791,37.5379
2008-01-05,0.7,-3.6,2008-01-04 22:34:00+00:00,5.3,2008-01-05 06:25:00+00:00,0.0,,,7.5,,0.9,228.7,1440,414,126.9993,37.6105
2008-01-05,2.1,-2.2,2008-01-04 22:15:00+00:00,7.3,2008-01-05 05:16:00+00:00,0.0,,,6.3,,0.9,217.1,1440,415,126.9775,37.5168
2008-01-05,1.1,-3.2,2008-01-04 22:52:00+00:00,6.3,2008-01-05 05:52:00+00:00,0.0,,,5.8,,1.3,303.2,1440,416,126.9357,37.6084
2008-01-05,2.0,-1.9,2008-01-04 22:27:00+00:00,6.2,2008-01-05 05:28:00+00:00,0.0,,,4.1,,0.8,276.2,1439,417,126.88,37.48
2008-01-05,2.3,-2.3,2008-01-04 22:33:00+00:00,7.1,2008-01-05 06:36:00+00:00,0.0,,,4.2,,0.8,318.9,1440,418,126.9394,37.5213
2008-01-05,0.7,-2.5,2008-01-04 23:11:00+00:00,4.7,2008-01-05 06:25:00+00:00,0.0,,,6.0,,1.4,301.2,1440,419,126.9864,37.5535
2008-01-05,2.5,-1.9,2008-01-04 21:51:00+00:00,6.5,2008-01-05 04:27:00+00:00,0.0,,,10.3,,2.0,250.3,1440,421,127.0406,37.545
2008-01-05,0.8,-4.5,2008-01-04 21:51:00+00:00,6.8,2008-01-05 05:02:00+00:00,0.0,,,5.7,,0.4,228.1,1440,423,126.8333,37.4833
2008-01-05,1.4,-2.9,2008-01-04 22:47:00+00:00,6.4,2008-01-05 06:29:00+00:00,0.0,,,6.3,,0.8,177.2,1440,424,127.0017,37.6333
2008-01-05,0.6,-5.2,2008-01-04 22:55:00+00:00,5.8,2008-01-05 06:15:00+00:00,0.0,,,8.3,,1.3,234.0,1440,450,126.8334,37.6555
2008-01-05,-0.8,-5.7,2008-01-04 21:37:00+00:00,6.9,2008-01-05 05:18:00+00:00,0.0,,,5.4,,1.2,303.7,1440,495,127.1834,36.9617
2008-01-05,-0.8,-5.7,2008-01-04 20:07:00+00:00,7.6,2008-01-05 05:44:00+00:00,0.0,,,3.6,,0.8,309.8,1440,496,127.2804,36.4638
2008-01-05,-4.7,-8.2,2008-01-04 22:59:00+00:00,1.3,2008-01-05 03:56:00+00:00,0.0,,,15.5,,5.3,109.0,1440,498,128.5145,37.8793
2008-01-05,-1.0,-4.8,2008-01-04 21:47:00+00:00,4.7,2008-01-05 06:40:00+00:00,0.0,,,13.0,,3.8,207.8,1438,499,127.0213,38.1331
2008-01-05,-0.8,-6.2,2008-01-04 22:30:00+00:00,6.4,2008-01-05 05:22:00+00:00,0.0,,,15.7,,0.5,195.5,1440,500,126.4116,37.6287
2008-01-05,1.7,-2.6,2008-01-04 20:46:00+00:00,5.3,2008-01-05 06:30:00+00:00,0.0,,,3.9,,1.1,108.1,1440,501,125.7023,37.6644
2008-01-05,0.2,-4.5,2008-01-04 21:04:00+00:00,5.7,2008-01-05 05:29:00+00:00,0.0,,,5.3,,1.7,210.8,1440,502,126.2829,37.7844
2008-01-05,-0.4,-6.0,2008-01-04 22:44:00+00:00,5.7,2008-01-05 05:32:00+00:00,0.0,,,4.7,,1.5,206.8,1440,503,126.6833,37.8833
2008-01-05,-3.6,-10.0,2008-01-04 21:48:00+00:00,5.0,2008-01-05 05:29:00+00:00,0.0,,,5.9,,0.6,241.0,1438,504,127.202,37.8915
2008-01-05,-4.3,-11.4,2008-01-04 23:04:00+00:00,4.4,2008-01-05 04:52:00+00:00,0.0,,,8.5,,0.9,261.6,1440,505,127.3454,37.8244
2008-01-05,0.7,-4.1,2008-01-04 21:54:00+00:00,5.9,2008-01-05 05:07:00+00:00,0.0,,,6.3,,0.6,221.0,1440,544,126.7827,37.4631
2008-01-05,-1.5,-8.5,2008-01-04 22:29:00+00:00,6.5,2008-01-05 05:49:00+00:00,0.0,,,6.3,,1.2,242.1,1440,545,126.8387,37.2804
2008-01-05,-1.2,-7.2,2008-01-04 23:11:00+00:00,6.5,2008-01-05 05:59:00+00:00,0.0,,,6.6,,1.2,273.6,1440,546,127.2833,37.4
2008-01-05,-3.4,-10.1,2008-01-04 22:39:00+00:00,5.1,2008-01-05 05:05:00+00:00,0.0,,,6.9,,0.5,255.9,1440,547,127.7583,37.4171
2008-01-05,-1.4,-7.5,2008-01-04 22:01:00+00:00,5.8,2008-01-05 06:53:00+00:00,0.0,,,7.0,,1.5,225.9,1440,548,127.65,37.3
2008-01-05,-1.4,-7.2,2008-01-04 22:22:00+00:00,6.1,2008-01-05 06:44:00+00:00,0.0,,,6.8,,1.1,287.8,1440,549,127.2,37.25
2008-01-05,-0.2,-5.1,2008-01-04 22:32:00+00:00,6.9,2008-01-05 06:58:00+00:00,0.0,,,5.4,,0.6,283.1,1440,550,127.05,37.1833
2008-01-05,1.2,-4.4,2008-01-04 21:05:00+00:00,7.5,2008-01-05 04:54:00+00:00,0.0,,,5.7,,0.7,262.6,1440,551,127.07,37.0
2008-01-05,-3.8,-10.9,2008-01-04 23:08:00+00:00,3.7,2008-01-05 05:57:00+00:00,0.0,,,9.8,,1.2,235.5,1440,552,127.42,38.25
2008-01-05,4.0,1.1,2008-01-04 23:07:00+00:00,7.6,2008-01-05 05:59:00+00:00,0.0,,,13.8,,4.8,251.6,1440,553,128.4287,38.5038
2008-01-05,-4.1,-7.6,2008-01-04 22:36:00+00:00,-0.1,2008-01-05 05:51:00+00:00,0.0,,,23.9,,12.4,238.9,1440,554,128.4371,38.2144
2008-01-05,-3.5,-9.9,2008-01-04 23:12:00+00:00,6.2,2008-01-05 05:31:00+00:00,0.0,,,7.3,,1.4,235.4,1440,555,127.73,38.12
2008-01-05,-2.2,-10.7,2008-01-04 22:54:00+00:00,4.4,2008-01-05 04:38:00+00:00,0.0,,,7.7,,1.2,194.2,1440,557,128.3209,37.9513
2008-01-05,-3.3,-9.8,2008-01-04 23:33:00+00:00,5.8,2008-01-05 04:59:00+00:00,0.0,,,6.5,,0.6,222.2,1440,558,127.7007,37.6861
2008-01-05,-5.9,-13.1,2008-01-04 23:00:00+00:00,2.1,2008-01-05 05:35:00+00:00,0.0,,,8.1,,1.6,208.7,1440,559,128.3898,37.7739
2008-01-05,-3.7,-11.8,2008-01-04 22:19:00+00:00,2.3,2008-01-05 05:06:00+00:00,0.0,,,8.6,,1.5,213.5,1440,560,128.5943,37.6701
2008-01-05,-3.8,-9.9,2008-01-04 22:48:00+00:00,3.9,2008-01-05 06:39:00+00:00,0.0,,,6.8,,0.8,290.2,1439,561,128.1555,37.5816
2008-01-05,-2.1,-8.1,2008-01-04 22:52:00+00:00,3.8,2008-01-05 06:06:00+00:00,0.0,,,7.1,,1.2,182.8,1440,563,128.7406,37.2688
2008-01-05,2.4,-2.2,2008-01-04 21:14:00+00:00,6.8,2008-01-05 04:21:00+00:00,0.0,,,6.0,,1.1,243.8,1440,565,126.785,37.34
2008-01-05,-3.1,-9.7,2008-01-04 22:43:00+00:00,5.5,2008-01-05 05:06:00+00:00,0.0,,,4.5,,0.1,215.9,1440,567,126.913,37.9483
2008-01-05,0.4,-4.6,2008-01-04 22:43:00+00:00,6.0,2008-01-05 05:50:00+00:00,0.0,,,4.6,,0.8,307.6,1440,569,127.1312,37.5994
2008-01-05,1.6,-2.9,2008-01-04 21:20:00+00:00,6.4,2008-01-05 06:03:00+00:00,0.0,,,5.6,,0.7,266.5,1440,570,126.6472,37.6215
2008-01-05,1.2,-3.0,2008-01-04 23:03:00+00:00,6.7,2008-01-05 05:38:00+00:00,0.0,,,6.4,,0.9,212.2,1440,571,126.8209,37.1953
2008-01-05,2.3,-2.0,2008-01-04 23:40:00+00:00,7.4,2008-01-05 04:31:00+00:00,0.0,,,5.2,,1.0,312.2,1440,572,127.1404,37.4415
2008-01-05,-1.6,-7.4,2008-01-04 22:39:00+00:00,6.8,2008-01-05 05:52:00+00:00,0.0,,,2.7,,0.2,127.5,1440,574,127.5865,37.3751
2008-01-05,-1.3,-7.1,2008-01-04 22:44:00+00:00,6.5,2008-01-05 06:19:00+00:00,0.0,,,6.3,,0.5,323.6,1440,575,127.198,37.1399
2008-01-05,-1.8,-7.2,2008-01-04 22:38:00+00:00,5.7,2008-01-05 06:10:00+00:00,0.0,,,7.6,,0.6,271.6,1440,576,127.3755,37.1634
2008-01-05,0.4,-6.0,2008-01-04 22:42:00+00:00,6.8,2008-01-05 04:31:00+00:00,0.0,,,4.1,,0.7,123.8,1440,577,126.3365,37.5341
2008-01-05,1.5,-3.7,2008-01-04 22:32:00+00:00,7.1,2008-01-05 04:54:00+00:00,0.0,,,4.7,,1.3,163.1,1440,578,126.42,37.45
2008-01-05,-1.6,-7.4,2008-01-04 23:11:00+00:00,2.6,2008-01-05 06:08:00+00:00,0.0,,,8.9,,2.2,264.3,1440,579,128.9431,37.3495
2008-01-05,5.3,1.8,2008-01-04 22:59:00+00:00,10.0,2008-01-05 05:25:00+00:00,0.0,,,12.6,,5.7,236.3,1440,580,129.0378,37.6126
2008-01-05,-4.0,-9.0,2008-01-04 23:00:00+00:00,3.9,2008-01-05 06:15:00+00:00,0.0,,,4.8,,0.8,208.1,1440,581,128.8292,37.1293
2008-01-05,-3.8,-9.7,2008-01-04 22:51:00+00:00,3.3,2008-01-05 05:40:00+00:00,0.0,,,8.8,,1.2,309.3,1440,582,128.0829,37.2278
2008-01-05,-5.2,-11.7,2008-01-04 22:32:00+00:00,3.4,2008-01-05 05:24:00+00:00,0.0,,,7.2,,1.1,337.5,1440,583,128.1561,37.4125
2008-01-05,-0.3,-7.3,2008-01-04 23:32:00+00:00,5.0,2008-01-05 05:54:00+00:00,0.0,,,10.0,,2.8,165.8,1440,584,128.7245,37.4711
2008-01-05,-2.5,-8.7,2008-01-04 22:58:00+00:00,4.8,2008-01-05 06:47:00+00:00,0.0,,,6.8,,1.3,199.6,1440,585,128.0834,37.966
2008-01-05,-3.3,-10.1,2008-01-04 22:44:00+00:00,5.1,2008-01-05 06:02:00+00:00,0.0,,,5.6,,0.7,250.3,1440,586,127.8858,37.9876
2008-01-05,-4.7,-11.2,2008-01-04 22:41:00+00:00,4.5,2008-01-05 05:00:00+00:00,0.0,,,6.2,,0.7,281.2,1440,587,127.9495,38.2091
2008-01-05,-3.5,-10.2,2008-01-04 22:58:00+00:00,6.4,2008-01-05 06:06:00+00:00,0.0,,,6.4,,0.7,225.0,1440,588,127.6429,37.7907
2008-01-05,-0.6,-7.9,2008-01-04 22:27:00+00:00,7.7,2008-01-05 05:45:00+00:00,0.0,,,6.0,,1.1,246.5,1440,589,126.7586,37.6372
2008-01-05,0.4,-4.3,2008-01-04 21:34:00+00:00,6.6,2008-01-05 05:10:00+00:00,0.0,,,6.8,,1.0,202.5,1440,590,126.9887,37.4263
2008-01-05,-2.7,-7.6,2008-01-04 22:55:00+00:00,3.0,2008-01-05 05:10:00+00:00,0.0,,,6.4,,0.9,267.2,1440,591,128.03,37.43
2008-01-05,-2.5,-8.9,2008-01-04 22:47:00+00:00,6.4,2008-01-05 06:12:00+00:00,0.0,,,7.0,,1.0,258.7,1440,592,127.7505,37.2075
2008-01-05,2.4,-1.1,2008-01-04 15:03:00+00:00,5.8,2008-01-05 05:46:00+00:00,0.0,,,13.2,,4.1,135.1,1440,593,128.5265,37.9811
2008-01-05,-2.4,-10.5,2008-01-04 23:33:00+00:00,3.2,2008-01-05 06:05:00+00:00,0.0,,,11.1,,2.4,202.5,1440,594,128.2085,38.2183
2008-01-05,-1.8,-5.3,2008-01-04 22:25:00+00:00,2.2,2008-01-05 05:07:00+00:00,0.0,,,14.5,,5.1,112.5,1440,595,128.374,38.2664
2008-01-05,0.5,-2.6,2008-01-04 22:32:00+00:00,4.1,2008-01-05 05:08:00+00:00,0.0,,,12.1,,3.7,255.8,1440,596,128.451,38.0775
2008-01-05,-4.5,-10.6,2008-01-04 23:12:00+00:00,4.4,2008-01-05 04:50:00+00:00,0.0,,,7.0,,0.9,205.3,1440,597,128.4585,37.5009
2008-01-05,-2.1,-8.1,2008-01-04 22:33:00+00:00,5.3,2008-01-05 05:59:00+00:00,0.0,,,3.1,,0.3,245.4,1438,598,126.9905,37.8312
2008-01-05,-0.6,-5.2,2008-01-04 23:36:00+00:00,6.1,2008-01-05 05:06:00+00:00,0.0,,,7.9,,1.1,253.1,1421,600,127.6003,36.9882
2008-01-05,-1.4,-7.0,2008-01-04 22:52:00+00:00,5.6,2008-01-05 05:20:00+00:00,0.0,,,4.8,,0.6,300.9,1424,601,128.3669,36.9855
2008-01-05,-1.0,-5.4,2008-01-04 22:32:00+00:00,6.9,2008-01-05 05:48:00+00:00,0.0,,,3.7,,0.8,348.7,1440,602,127.4297,36.8539
2008-01-05,-2.4,-6.4,2008-01-04 23:13:00+00:00,5.1,2008-01-05 05:54:00+00:00,0.0,,,6.9,,0.9,234.4,1421,603,127.8,36.8
2008-01-05,-1.0,-6.6,2008-01-04 21:03:00+00:00,7.6,2008-01-05 05:55:00+00:00,0.0,,,4.8,,0.4,13.7,1440,604,127.5965,36.3
2008-01-05,-1.5,-7.0,2008-01-04 21:29:00+00:00,8.0,2008-01-05 06:22:00+00:00,0.0,,,6.9,,0.8,230.1,1439,605,127.7598,36.1631
2008-01-05,1.4,-2.7,2008-01-04 23:41:00+00:00,7.6,2008-01-05 05:16:00+00:00,0.0,,,6.0,,0.2,288.1,1440,606,126.454,36.9984
2008-01-05,5.0,1.6,2008-01-04 19:23:00+00:00,7.8,2008-01-05 04:04:00+00:00,0.0,,,6.3,,1.5,35.3,1440,607,126.15,36.6667
2008-01-05,0.1,-4.6,2008-01-04 18:50:00+00:00,8.0,2008-01-05 05:18:00+00:00,0.0,,,7.0,,0.7,225.4,1435,608,126.6816,36.7487
2008-01-05,0.7,-3.5,2008-01-04 19:48:00+00:00,7.3,2008-01-05 06:34:00+00:00,0.0,,,5.5,,0.6,264.3,1440,610,126.63,36.58
2008-01-05,-1.2,-5.6,2008-01-04 22:37:00+00:00,6.4,2008-01-05 04:19:00+00:00,0.0,,,2.7,,0.6,73.1,1438,611,127.27,36.57
2008-01-05,-0.1,-5.3,2008-01-04 22:56:00+00:00,7.0,2008-01-05 06:05:00+00:00,0.0,,,3.6,,0.4,203.3,1429,612,127.1,36.4833
2008-01-05,0.8,-3.4,2008-01-04 22:42:00+00:00,7.0,2008-01-05 06:11:00+00:00,0.0,,,3.8,,0.3,234.7,1440,614,126.7,36.05
2008-01-05,0.1,-5.3,2008-01-04 20:16:00+00:00,7.5,2008-01-05 05:00:00+00:00,0.0,,,4.8,,0.9,309.3,1440,615,127.1,36.1833
2008-01-05,0.1,-3.7,2008-01-04 18:15:00+00:00,7.4,2008-01-05 04:40:00+00:00,0.0,,,5.6,,0.7,207.6,1439,616,126.65,36.9
2008-01-05,1.0,-3.8,2008-01-04 19:35:00+00:00,7.1,2008-01-05 06:14:00+00:00,0.0,,,4.3,,0.6,306.6,1440,617,127.1561,36.8782
2008-01-05,-0.9,-5.4,2008-01-04 22:14:00+00:00,7.3,2008-01-05 04:53:00+00:00,0.0,,,5.4,,0.4,177.1,1440,618,126.7791,36.4237
2008-01-05,-2.6,-8.1,2008-01-04 21:50:00+00:00,6.2,2008-01-05 05:30:00+00:00,0.0,,,6.1,,0.8,89.2,1421,619,127.68,36.93
2008-01-05,-2.3,-7.6,2008-01-04 22:36:00+00:00,6.0,2008-01-05 07:01:00+00:00,0.0,,,5.4,,0.6,312.2,1421,620,127.9152,37.0865
2008-01-05,-0.4,-4.5,2008-01-04 23:32:00+00:00,5.3,2008-01-05 06:29:00+00:00,0.0,,,7.0,,0.8,288.2,1421,621,128.1678,37.0003
2008-01-05,-2.0,-6.2,2008-01-04 21:58:00+00:00,5.5,2008-01-05 06:37:00+00:00,0.0,,,6.0,,0.6,300.1,1420,622,127.9939,36.842
2008-01-05,-1.7,-6.1,2008-01-04 23:06:00+00:00,5.3,2008-01-05 04:41:00+00:00,0.0,,,3.6,,0.4,264.3,1421,623,127.58,36.78
2008-01-05,-2.2,-6.9,2008-01-04 19:30:00+00:00,5.8,2008-01-05 06:59:00+00:00,0.0,,,8.1,,0.7,266.3,1440,624,127.6588,36.6294
2008-01-05,-3.7,-9.1,2008-01-04 19:12:00+00:00,4.6,2008-01-05 04:40:00+00:00,0.0,,,8.1,,1.0,225.0,1440,625,127.8167,36.5172
2008-01-05,-1.8,-7.0,2008-01-04 20:50:00+00:00,6.4,2008-01-05 06:44:00+00:00,0.0,,,7.8,,0.9,319.8,1440,626,127.8156,36.3709
2008-01-05,2.5,-1.9,2008-01-04 17:44:00+00:00,7.9,2008-01-05 05:53:00+00:00,0.0,,,5.9,,1.1,222.1,1440,627,126.2964,36.7585
2008-01-05,0.5,-4.1,2008-01-04 20:24:00+00:00,7.7,2008-01-05 05:41:00+00:00,0.0,,,6.4,,1.8,329.1,1440,628,126.8144,36.7422
2008-01-05,-1.0,-6.4,2008-01-04 19:15:00+00:00,7.0,2008-01-05 06:44:00+00:00,0.0,,,3.8,,0.1,358.4,1440,629,127.1959,36.6814
2008-01-05,-2.5,-8.1,2008-01-04 23:02:00+00:00,5.0,2008-01-05 06:52:00+00:00,0.0,,,9.0,,0.9,320.3,1421,630,127.7563,37.0451
2008-01-05,1.6,-1.8,2008-01-04 22:37:00+00:00,6.2,2008-01-05 06:04:00+00:00,0.0,,,3.9,,1.6,134.6,1440,631,126.6154,37.3478
2008-01-05,-0.9,-5.9,2008-01-04 19:57:00+00:00,7.0,2008-01-05 05:22:00+00:00,0.0,,,5.7,,0.7,272.7,1440,632,126.9503,36.5528
2008-01-05,-0.9,-5.0,2008-01-04 19:18:00+00:00,7.2,2008-01-05 06:50:00+00:00,0.0,,,4.3,,1.0,201.9,1440,633,127.1227,36.6094
2008-01-05,0.8,-4.0,2008-01-04 22:35:00+00:00,7.6,2008-01-05 04:46:00+00:00,0.0,,,4.0,,0.3,289.3,1440,634,126.8858,36.8664
2008-01-05,0.1,-4.7,2008-01-04 22:59:00+00:00,7.6,2008-01-05 04:37:00+00:00,0.0,,,7.2,,0.9,315.0,1440,635,126.7609,36.2139
2008-01-05,-1.0,-6.5,2008-01-04 21:13:00+00:00,6.8,2008-01-05 03:19:00+00:00,0.0,,,6.0,,0.9,287.4,1440,636,127.23,36.3
2008-01-05,2.4,-1.4,2008-01-04 23:17:00+00:00,7.6,2008-01-05 05:01:00+00:00,0.0,,,6.0,,1.2,241.8,1440,637,126.2807,36.8699
2008-01-05,-2.0,-8.0,2008-01-04 22:55:00+00:00,5.4,2008-01-05 05:27:00+00:00,0.0,,,9.3,,1.0,222.1,1440,638,128.4874,37.0787
2008-01-05,-2.7,-8.2,2008-01-04 22:31:00+00:00,4.5,2008-01-05 06:29:00+00:00,0.0,,,7.6,,0.7,332.8,1421,639,128.1643,36.9117
2008-01-05,-2.8,-8.0,2008-01-04 18:35:00+00:00,5.3,2008-01-05 04:54:00+00:00,0.0,,,8.3,,0.7,314.4,1421,640,127.86,36.76
2008-01-05,-0.1,-4.5,2008-01-04 20:27:00+00:00,6.4,2008-01-05 06:09:00+00:00,0.0,,,4.7,,0.5,41.9,1440,641,127.48,36.47
2008-01-05,1.3,-3.0,2008-01-04 20:38:00+00:00,7.8,2008-01-05 05:26:00+00:00,0.0,,,5.6,,0.6,258.3,1440,642,127.4061,36.3105
2008-01-05,-0.3,-4.9,2008-01-04 21:05:00+00:00,7.2,2008-01-05 06:55:00+00:00,0.0,,,4.6,,0.8,307.1,1440,643,127.49,36.34
2008-01-05,-0.6,-5.7,2008-01-04 21:15:00+00:00,6.8,2008-01-05 05:55:00+00:00,0.0,,,6.6,,1.5,293.4,1440,644,127.2327,36.1385
2008-01-05,0.0,-4.0,2008-01-04 17:50:00+00:00,7.0,2008-01-05 05:02:00+00:00,0.0,,,6.2,,0.8,234.7,1440,645,126.5173,36.5804
2008-01-05,1.7,-2.3,2008-01-04 22:27:00+00:00,6.0,2008-01-05 06:25:00+00:00,0.0,,,4.3,,1.4,192.4,1440,646,126.5496,36.153
2008-01-05,-1.0,-6.6,2008-01-04 21:45:00+00:00,7.9,2008-01-05 06:22:00+00:00,0.0,,,6.9,,0.7,239.1,1440,647,127.6695,36.1173
2008-01-05,0.2,-4.0,2008-01-04 20:23:00+00:00,7.2,2008-01-05 05:43:00+00:00,0.0,,,6.1,,0.3,255.8,1440,648,127.3833,36.4333
2008-01-05,2.8,0.2,2008-01-04 19:58:00+00:00,5.4,2008-01-05 05:24:00+00:00,0.0,,,5.7,,1.5,195.9,1440,649,126.08,37.285
2008-01-05,-5.0,-12.6,2008-01-04 22:53:00+00:00,3.4,2008-01-05 06:18:00+00:00,0.0,,,9.3,,1.7,258.7,1440,650,127.3311,38.2867
2008-01-05,-4.4,-12.2,2008-01-04 22:38:00+00:00,3.6,2008-01-05 05:35:00+00:00,0.0,,,10.3,,1.2,286.8,1439,651,127.1652,38.264
2008-01-05,-2.9,-9.6,2008-01-04 22:45:00+00:00,5.1,2008-01-05 06:08:00+00:00,0.0,,,5.8,,0.6,255.8,1438,652,127.0781,38.0265
2008-01-05,3.6,-0.1,2008-01-04 20:26:00+00:00,6.8,2008-01-05 05:30:00+00:00,0.0,,,5.7,,2.1,233.2,1440,654,126.3072,37.2546
2008-01-05,5.1,2.3,2008-01-04 20:40:00+00:00,9.4,2008-01-05 06:20:00+00:00,0.0,,,10.9,,4.6,254.6,1440,655,124.7291,37.7602
2008-01-05,2.3,-2.7,2008-01-04 20:56:00+00:00,6.6,2008-01-05 03:18:00+00:00,0.0,,,4.6,,0.9,189.2,1440,656,126.1922,37.6709
2008-01-05,3.8,0.4,2008-01-04 22:33:00+00:00,8.0,2008-01-05 04:30:00+00:00,0.0,,,6.4,,2.6,168.7,1440,657,126.5,36.3167
2008-01-05,1.7,-1.8,2008-01-04 17:39:00+00:00,6.0,2008-01-05 05:19:00+00:00,0.0,,,5.1,,1.4,276.3,1440,658,126.1333,36.8333
2008-01-05,-4.6,-6.7,2008-01-04 15:45:00+00:00,-0.6,2008-01-05 06:33:00+00:00,0.0,,,11.0,,5.5,268.8,1440,659,127.2057,36.343
2008-01-05,-4.6,-12.0,2008-01-04 22:51:00+00:00,1.4,2008-01-05 06:07:00+00:00,0.0,,,7.7,,1.1,194.6,1440,660,128.35,37.55
2008-01-05,4.3,0.9,2008-01-05 14:35:00+00:00,8.1,2008-01-05 05:12:00+00:00,0.0,,,10.8,,3.3,277.8,1440,661,128.4,38.5333
2008-01-05,3.9,-0.5,2008-01-04 22:28:00+00:00,6.1,2008-01-05 05:44:00+00:00,0.0,,,5.7,,1.6,257.6,1440,662,126.297,37.1707
2008-01-05,4.6,2.1,2008-01-04 22:09:00+00:00,7.7,2008-01-05 06:47:00+00:00,0.0,,,6.6,,2.6,191.2,1440,663,125.7869,36.9286
2008-01-05,5.0,2.6,2008-01-04 21:52:00+00:00,10.0,2008-01-05 04:19:00+00:00,0.0,,,5.9,,2.2,172.6,1439,666,126.1683,36.9587
2008-01-05,5.6,2.7,2008-01-04 16:27:00+00:00,9.3,2008-01-05 07:25:00+00:00,0.0,,,6.3,,2.0,240.5,1440,667,126.0093,36.6476
2008-01-05,4.4,0.6,2008-01-04 18:50:00+00:00,7.9,2008-01-05 04:26:00+00:00,0.0,,,5.0,,0.5,213.1,1440,669,126.0817,36.2289
2008-01-05,4.6,1.2,2008-01-04 21:49:00+00:00,7.8,2008-01-05 04:33:00+00:00,0.0,,,19.6,,8.1,259.7,1440,670,128.6297,38.0873
2008-01-05,3.1,-1.8,2008-01-04 22:45:00+00:00,8.4,2008-01-05 06:55:00+00:00,0.0,,,9.4,,1.8,279.6,1440,671,128.5941,38.1988
2008-01-05,4.6,1.7,2008-01-05 14:19:00+00:00,8.5,2008-01-05 04:43:00+00:00,0.0,,,9.5,,2.3,270.8,1440,721,127.0298,34.349
2008-01-05,3.1,-0.9,2008-01-04 22:20:00+00:00,7.9,2008-01-05 05:57:00+00:00,0.0,,,6.4,,0.8,35.0,1440,722,126.9288,35.1368
2008-01-05,7.1,5.2,2008-01-04 15:26:00+00:00,8.9,2008-01-05 05:54:00+00:00,0.0,,,10.9,,4.9,298.9,1440,723,127.309,34.0279
2008-01-05,7.5,5.1,2008-01-05 14:22:00+00:00,9.7,2008-01-05 05:36:00+00:00,0.0,,,7.6,,2.5,295.2,1440,724,126.2927,33.9591
2008-01-05,7.9,6.3,2008-01-04 16:26:00+00:00,9.6,2008-01-05 04:15:00+00:00,0.0,,,11.1,,5.7,325.6,1440,725,126.9534,33.5065
2008-01-05,8.3,6.7,2008-01-04 16:06:00+00:00,10.0,2008-01-05 05:14:00+00:00,0.0,,,10.6,,6.2,358.0,1440,726,126.2714,33.1137
2008-01-05,3.5,-2.2,2008-01-05 14:28:00+00:00,10.6,2008-01-05 05:47:00+00:00,0.0,,,5.3,,1.0,14.7,1440,727,126.3949,33.39
2008-01-05,-0.6,-5.4,2008-01-04 22:07:00+00:00,7.9,2008-01-05 05:44:00+00:00,0.0,,,4.1,,0.8,342.3,1440,729,127.13,35.38
2008-01-05,-0.7,-5.5,2008-01-04 22:33:00+00:00,7.6,2008-01-05 05:16:00+00:00,0.0,,,7.0,,0.8,323.9,1440,730,126.82,35.32
2008-01-05,1.6,-3.0,2008-01-04 22:50:00+00:00,8.2,2008-01-05 05:57:00+00:00,0.0,,,6.4,,1.1,340.6,1440,731,126.7013,34.7998
2008-01-05,0.8,-4.2,2008-01-04 23:10:00+00:00,7.6,2008-01-05 05:44:00+00:00,0.0,,,9.2,,1.3,349.8,1416,732,127.08,34.77
2008-01-05,0.3,-4.6,2008-01-04 20:22:00+00:00,8.6,2008-01-05 04:54:00+00:00,0.0,,,4.8,,0.2,250.3,1440,733,126.959,36.0412
2008-01-05,-0.2,-4.5,2008-01-04 20:33:00+00:00,7.2,2008-01-05 05:06:00+00:00,0.0,,,8.0,,1.8,233.3,1440,734,127.205,35.9765
2008-01-05,-1.7,-6.7,2008-01-04 15:01:00+00:00,3.6,2008-01-05 06:06:00+00:00,0.0,,,7.4,,1.5,108.8,1440,735,127.7755,35.9008
2008-01-05,0.3,-4.3,2008-01-04 22:01:00+00:00,6.0,2008-01-05 05:30:00+00:00,0.0,,,3.5,,1.4,152.4,1430,736,126.75,35.87
2008-01-05,1.1,-3.5,2008-01-04 22:31:00+00:00,8.3,2008-01-05 06:16:00+00:00,0.0,,,2.8,,0.1,143.3,1428,737,126.8769,35.7943
2008-01-05,1.6,-2.3,2008-01-04 22:34:00+00:00,8.5,2008-01-05 03:56:00+00:00,0.0,,,3.8,,0.6,14.0,1440,739,126.5511,35.5243
2008-01-05,0.3,-4.3,2008-01-04 22:55:00+00:00,7.8,2008-01-05 06:37:00+00:00,0.0,,,6.7,,0.6,11.3,1440,741,126.9841,35.0592
2008-01-05,2.7,-1.3,2008-01-04 23:27:00+00:00,8.0,2008-01-05 04:53:00+00:00,0.0,,,6.0,,2.1,340.2,1440,742,126.3432,34.9626
2008-01-05,4.6,0.7,2008-01-04 23:12:00+00:00,10.3,2008-01-05 03:45:00+00:00,0.0,,,4.9,,0.4,301.9,1440,743,125.9266,34.7555
2008-01-05,3.0,-1.4,2008-01-04 22:51:00+00:00,8.9,2008-01-05 06:02:00+00:00,0.0,,,9.5,,1.5,304.1,1440,745,126.7728,34.6352
2008-01-05,3.4,-1.1,2008-01-04 22:33:00+00:00,8.9,2008-01-05 05:27:00+00:00,0.0,,,7.9,,0.5,326.2,1440,746,126.5169,34.3695
2008-01-05,5.9,3.1,2008-01-04 22:27:00+00:00,8.8,2008-01-05 06:39:00+00:00,0.0,,,8.7,,2.0,301.9,1440,747,126.859,34.1799
2008-01-05,3.5,-0.8,2008-01-05 14:29:00+00:00,9.1,2008-01-05 06:04:00+00:00,0.0,,,9.0,,2.5,281.2,1440,748,127.3592,34.8493
2008-01-05,4.4,-0.1,2008-01-04 23:01:00+00:00,9.8,2008-01-05 04:14:00+00:00,0.0,,,8.3,,1.9,306.6,1440,749,127.1386,34.5295
2008-01-05,,,,,,0.0,,,,,,,1026,937,129.1663,35.1749
2008-01-05,6.1,3.6,2008-01-04 19:55:00+00:00,9.2,2008-01-05 05:59:00+00:00,0.0,,,12.2,,3.6,0.5,1440,750,127.6256,34.6308
2008-01-05,4.3,1.5,2008-01-05 14:17:00+00:00,8.0,2008-01-05 04:16:00+00:00,0.0,,,8.9,,2.1,335.4,1440,751,126.7119,33.4585
2008-01-05,6.4,3.2,2008-01-05 14:54:00+00:00,10.5,2008-01-05 04:48:00+00:00,0.0,,,8.5,,2.9,9.1,1440,752,126.3022,33.285
2008-01-05,0.4,-5.2,2008-01-04 15:16:00+00:00,5.4,2008-01-05 03:58:00+00:00,0.0,,,4.9,,0.9,124.3,1440,753,126.4941,33.3921
2008-01-05,1.6,-2.4,2008-01-04 22:17:00+00:00,8.5,2008-01-05 05:30:00+00:00,0.0,,,5.6,,0.4,253.1,1440,754,126.5225,35.0635
2008-01-05,-0.1,-4.9,2008-01-04 22:59:00+00:00,7.1,2008-01-05 05:15:00+00:00,0.0,,,5.9,,1.0,159.1,1440,755,127.13,35.17
2008-01-05,4.0,1.3,2008-01-04 15:13:00+00:00,8.5,2008-01-05 05:27:00+00:00,0.0,,,5.1,,1.8,207.6,1430,756,126.2931,35.6028
2008-01-05,-1.2,-5.9,2008-01-04 21:34:00+00:00,6.8,2008-01-05 05:44:00+00:00,0.0,,,6.3,,0.6,123.8,1440,757,127.4254,35.9715
2008-01-05,-1.9,-6.4,2008-01-04 21:54:00+00:00,5.8,2008-01-05 05:19:00+00:00,0.0,,,7.6,,0.9,239.1,1440,758,127.5682,35.8355
2008-01-05,-2.0,-5.5,2008-01-04 22:17:00+00:00,4.7,2008-01-05 04:36:00+00:00,0.0,,,8.1,,1.4,61.9,1440,759,127.6,35.37
2008-01-05,-4.1,-10.4,2008-01-04 23:14:00+00:00,5.6,2008-01-05 03:21:00+00:00,0.0,,,5.3,,0.6,343.1,1440,760,126.9298,35.4321
2008-01-05,-0.2,-6.7,2008-01-04 16:30:00+00:00,8.1,2008-01-05 05:45:00+00:00,0.0,,,2.1,,0.3,120.9,1440,761,126.9325,35.6507
2008-01-05,-1.0,-6.2,2008-01-04 22:22:00+00:00,5.4,2008-01-05 06:36:00+00:00,0.0,,,7.3,,1.2,303.7,1440,762,127.1116,35.5424
2008-01-05,1.2,-4.5,2008-01-04 20:44:00+00:00,7.5,2008-01-05 04:14:00+00:00,0.0,,,6.1,,1.2,258.7,1440,763,127.07,36.05
2008-01-05,-2.2,-7.5,2008-01-04 21:01:00+00:00,6.6,2008-01-05 04:53:00+00:00,0.0,,,7.5,,0.7,258.7,1440,764,127.1783,35.684
2008-01-05,1.0,-3.4,2008-01-04 22:12:00+00:00,8.3,2008-01-05 06:15:00+00:00,0.0,,,7.6,,0.6,264.3,1435,765,127.1724,34.9293
2008-01-05,5.7,3.0,2008-01-04 20:43:00+00:00,9.3,2008-01-05 05:37:00+00:00,0.0,,,10.1,,4.5,298.1,1440,766,127.72,34.85
2008-01-05,3.0,-2.5,2008-01-04 15:38:00+00:00,9.6,2008-01-05 05:21:00+00:00,0.0,,,10.5,,1.7,275.6,1440,767,127.4559,34.602
2008-01-05,-0.7,-5.7,2008-01-04 21:06:00+00:00,4.6,2008-01-05 04:07:00+00:00,0.0,,,5.0,,1.1,217.9,1440,420,126.9565,37.6155
2008-01-05,0.0,-3.9,2008-01-04 21:56:00+00:00,7.2,2008-01-05 05:35:00+00:00,0.0,,,5.8,,0.5,340.1,1440,768,127.2908,35.2802
2008-01-05,2.0,-2.5,2008-01-04 22:49:00+00:00,7.8,2008-01-05 05:45:00+00:00,0.0,,,5.7,,1.7,326.2,1440,769,126.3718,35.2179
2008-01-05,0.2,-5.8,2008-01-04 16:30:00+00:00,6.6,2008-01-05 06:20:00+00:00,0.0,,,8.8,,2.0,294.5,1440,805,129.0958,36.1602
2008-01-05,-1.3,-7.7,2008-01-04 21:35:00+00:00,6.4,2008-01-05 05:57:00+00:00,0.0,,,9.1,,1.8,273.5,1440,806,128.2903,36.2334
2008-01-05,-1.9,-8.3,2008-01-04 21:28:00+00:00,6.7,2008-01-05 06:09:00+00:00,0.0,,,4.9,,0.6,163.5,1440,807,128.7261,36.172
2008-01-05,5.5,2.1,2008-01-04 15:21:00+00:00,9.1,2008-01-05 06:21:00+00:00,0.0,,,12.5,,5.4,267.2,1440,808,129.5694,36.0774
2008-01-05,-0.2,-4.7,2008-01-04 22:55:00+00:00,7.6,2008-01-05 06:20:00+00:00,0.0,,,8.2,,1.8,300.9,1440,809,127.9689,35.9179
2008-01-05,0.2,-5.5,2008-01-04 21:25:00+00:00,9.5,2008-01-05 06:29:00+00:00,0.0,,,5.9,,0.3,354.3,1440,810,128.28,35.93
2008-01-05,2.8,-1.8,2008-01-04 15:01:00+00:00,8.4,2008-01-05 06:15:00+00:00,0.0,,,8.4,,1.9,322.8,1440,811,129.2167,35.85
2008-01-05,-0.8,-6.8,2008-01-04 21:36:00+00:00,9.4,2008-01-05 05:39:00+00:00,0.0,,,2.8,,0.2,326.2,1440,812,128.2821,35.696
2008-01-05,-1.3,-8.4,2008-01-04 22:30:00+00:00,9.2,2008-01-05 06:01:00+00:00,0.0,,,4.7,,0.8,253.6,1440,813,128.73,35.65
2008-01-05,0.9,-4.2,2008-01-04 22:21:00+00:00,6.4,2008-01-05 06:21:00+00:00,0.0,,,5.4,,1.0,279.5,1440,814,128.6541,36.9789
2008-01-05,-1.8,-8.5,2008-01-04 22:45:00+00:00,7.5,2008-01-05 06:00:00+00:00,0.0,,,5.6,,1.0,264.7,1440,815,128.4644,36.66
2008-01-05,3.3,-4.0,2008-01-04 17:00:00+00:00,8.7,2008-01-05 05:31:00+00:00,0.0,,,5.5,,1.2,348.0,1440,816,129.4932,35.8959
2008-01-05,0.4,-4.6,2008-01-04 22:40:00+00:00,5.0,2008-01-05 05:32:00+00:00,0.0,,,6.5,,1.7,229.3,1440,817,129.21,36.7655
2008-01-05,0.5,-4.2,2008-01-04 23:09:00+00:00,5.8,2008-01-05 05:50:00+00:00,0.0,,,8.6,,1.9,340.2,1440,818,128.1069,36.7373
2008-01-05,-2.5,-8.4,2008-01-04 22:46:00+00:00,6.5,2008-01-05 06:01:00+00:00,0.0,,,7.4,,0.9,281.2,1440,819,128.8852,36.6613
2008-01-05,0.2,-4.6,2008-01-04 21:31:00+00:00,7.4,2008-01-05 05:18:00+00:00,0.0,,,8.9,,1.8,326.2,1440,821,128.0925,36.2835
2008-01-05,-1.8,-7.4,2008-01-04 23:00:00+00:00,8.0,2008-01-05 05:47:00+00:00,0.0,,,7.1,,1.0,298.1,1440,822,128.13,36.13
2008-01-05,-0.8,-5.0,2008-01-04 18:16:00+00:00,6.9,2008-01-05 05:55:00+00:00,0.0,,,8.0,,1.4,326.2,1440,824,128.539,36.086
2008-01-05,1.3,-4.3,2008-01-05 14:58:00+00:00,8.4,2008-01-05 04:50:00+00:00,0.0,,,8.4,,2.2,267.2,1440,825,128.3833,36.0386
2008-01-05,2.4,-1.7,2008-01-04 21:37:00+00:00,7.8,2008-01-05 05:34:00+00:00,0.0,,,8.6,,2.8,222.1,1270,826,128.7896,36.0454
2008-01-05,2.3,-3.0,2008-01-04 18:58:00+00:00,8.7,2008-01-05 06:08:00+00:00,0.0,,,7.5,,1.7,337.5,1440,827,128.7416,35.8251
2008-01-05,1.5,-3.8,2008-01-04 23:17:00+00:00,9.4,2008-01-05 05:46:00+00:00,0.0,,,5.6,,1.0,33.7,1440,828,128.4476,35.6973
2008-01-05,3.3,-2.6,2008-01-04 20:54:00+00:00,9.3,2008-01-05 05:57:00+00:00,0.0,,,8.6,,1.9,236.1,1440,830,129.2064,36.0706
2008-01-05,-1.5,-6.5,2008-01-04 23:15:00+00:00,5.5,2008-01-05 05:27:00+00:00,0.0,,,8.1,,1.9,225.0,1434,831,129.0651,37.0486
2008-01-05,-0.6,-4.6,2008-01-04 23:12:00+00:00,6.3,2008-01-05 05:22:00+00:00,0.0,,,8.9,,1.7,317.7,1440,833,128.0037,36.6008
2008-01-05,-2.4,-8.5,2008-01-04 23:16:00+00:00,6.7,2008-01-05 06:02:00+00:00,0.0,,,5.6,,0.6,208.1,1440,835,128.73,36.88
2008-01-05,-1.3,-7.5,2008-01-04 16:17:00+00:00,5.0,2008-01-05 05:46:00+00:00,0.0,,,7.4,,1.6,270.0,1440,836,128.8959,36.2759
2008-01-05,-2.8,-9.4,2008-01-04 22:35:00+00:00,7.2,2008-01-05 05:32:00+00:00,0.0,,,6.8,,0.8,253.1,1440,837,128.63,36.7692
2008-01-05,-1.1,-6.4,2008-01-04 23:10:00+00:00,5.4,2008-01-05 05:05:00+00:00,0.0,,,7.5,,1.4,329.1,1440,838,128.3149,36.7734
2008-01-05,-1.4,-7.2,2008-01-04 20:33:00+00:00,7.1,2008-01-05 05:49:00+00:00,0.0,,,7.7,,1.4,284.1,1440,839,128.8944,36.456
2008-01-05,0.6,-5.2,2008-01-04 22:07:00+00:00,9.7,2008-01-05 06:05:00+00:00,0.0,,,4.2,,0.6,50.5,1440,840,128.8194,35.9133
2008-01-05,0.7,-4.3,2008-01-04 19:44:00+00:00,5.9,2008-01-05 04:54:00+00:00,0.0,,,3.5,,0.5,201.4,1440,543,126.5496,37.499
2008-01-05,-2.5,-8.5,2008-01-04 22:36:00+00:00,6.0,2008-01-05 05:32:00+00:00,0.0,,,7.8,,1.0,259.7,1440,562,128.269,37.2722
2008-01-05,0.7,-4.1,2008-01-04 23:10:00+00:00,8.0,2008-01-05 04:37:00+00:00,0.0,,,8.6,,1.5,251.0,1440,566,128.7,37.82
2008-01-05,-3.5,-10.3,2008-01-04 22:45:00+00:00,4.5,2008-01-05 05:42:00+00:00,0.0,,,7.0,,1.1,255.8,1440,568,127.3172,37.9613
2008-01-05,,,,,,0.0,,,,,,,835,609,126.44,36.42
2008-01-05,2.0,-2.5,2008-01-04 23:14:00+00:00,7.0,2008-01-05 06:26:00+00:00,0.0,,,6.2,,0.9,258.0,1439,664,126.484,37.2556
2008-01-05,1.8,-2.3,2008-01-04 22:40:00+00:00,6.5,2008-01-05 05:31:00+00:00,0.0,,,5.5,,0.7,159.4,1440,665,126.4252,37.3904
2008-01-05,0.7,-4.6,2008-01-04 23:07:00+00:00,7.0,2008-01-05 05:29:00+00:00,0.0,,,9.7,,1.8,298.1,1440,841,128.9194,36.1083
2008-01-05,-1.8,-7.6,2008-01-04 21:52:00+00:00,6.2,2008-01-05 06:39:00+00:00,0.0,,,7.8,,1.3,205.7,1440,842,129.0473,35.7576
2008-01-05,3.8,-1.0,2008-01-04 22:34:00+00:00,7.2,2008-01-05 05:13:00+00:00,0.0,,,13.1,,4.0,244.4,1440,843,129.2472,36.9356
2008-01-05,3.8,0.4,2008-01-04 22:35:00+00:00,7.9,2008-01-05 05:44:00+00:00,0.0,,,13.6,,3.6,275.6,1440,844,129.3578,36.4346
2008-01-05,2.9,-0.2,2008-01-04 16:07:00+00:00,8.4,2008-01-05 06:18:00+00:00,0.0,,,4.2,,0.6,24.0,1440,845,128.6,35.85
2008-01-05,3.5,-0.3,2008-01-04 23:26:00+00:00,8.6,2008-01-05 06:06:00+00:00,0.0,,,5.2,,0.9,333.3,1440,846,128.5442,35.8679
2008-01-05,-3.1,-9.5,2008-01-04 22:51:00+00:00,7.2,2008-01-05 03:51:00+00:00,0.0,,,5.5,,0.6,305.0,1440,847,128.4665,36.2763
2008-01-05,1.5,-3.3,2008-01-04 20:34:00+00:00,7.6,2008-01-05 05:58:00+00:00,0.0,,,5.6,,1.4,206.9,1440,849,128.299,36.5106
2008-01-05,4.8,0.8,2008-01-04 18:55:00+00:00,9.8,2008-01-05 03:48:00+00:00,0.0,,,10.4,,2.0,264.3,1438,850,129.5012,35.8071
2008-01-05,0.6,-5.2,2008-01-04 23:10:00+00:00,10.3,2008-01-05 03:41:00+00:00,0.0,,,5.7,,0.8,108.0,1440,851,129.3239,37.0372
2008-01-05,4.9,0.4,2008-01-04 22:35:00+00:00,9.8,2008-01-05 02:29:00+00:00,0.0,,,6.8,,2.6,313.4,1440,852,129.4258,37.0606
2008-01-05,-0.7,-4.2,2008-01-04 22:53:00+00:00,4.2,2008-01-05 05:06:00+00:00,0.0,,,8.6,,2.1,38.2,1440,853,128.6213,36.0183
2008-01-05,-0.2,-6.6,2008-01-04 22:23:00+00:00,10.3,2008-01-05 04:55:00+00:00,0.0,,,7.5,,0.8,338.0,1440,854,129.1596,35.5239
2008-01-05,8.6,6.3,2008-01-04 15:42:00+00:00,11.4,2008-01-05 04:00:00+00:00,0.0,,,9.7,,4.9,331.2,1440,855,126.2735,33.1664
2008-01-05,1.3,-2.7,2008-01-04 15:01:00+00:00,5.1,2008-01-05 06:00:00+00:00,0.0,,,12.8,,2.8,0.0,1439,856,127.6294,35.0836
2008-01-05,6.0,1.7,2008-01-04 22:57:00+00:00,10.3,2008-01-05 05:11:00+00:00,0.0,,,4.4,,0.5,260.9,1438,857,126.6989,34.2975
2008-01-05,5.4,3.6,2008-01-04 21:23:00+00:00,9.1,2008-01-05 03:42:00+00:00,0.0,,,8.3,,3.0,323.2,1440,858,126.1175,34.4583
2008-01-05,,,,,,0.0,,,,,,,42,859,129.3658,35.7613
2008-01-05,-0.2,,,,,,,,,,,,144,870,126.55,33.3833
2008-01-05,0.9,,,,,,,,,,,,144,871,126.5167,33.3667
2008-01-05,,,,,,0.0,,,,,,,45,873,127.9667,37.25
2008-01-05,-2.0,-8.4,2008-01-04 22:46:00+00:00,5.7,2008-01-05 05:17:00+00:00,0.0,,,5.4,,0.8,330.1,1440,877,127.7917,37.3083
2008-01-05,0.1,-3.8,2008-01-04 20:12:00+00:00,7.1,2008-01-05 05:01:00+00:00,0.0,,,5.6,,0.6,160.3,1440,882,126.6042,35.2518
2008-01-05,4.5,1.7,2008-01-04 20:58:00+00:00,9.6,2008-01-05 04:52:00+00:00,0.0,,,10.4,,3.7,343.1,1440,885,126.6783,33.3314
2008-01-05,3.9,-2.8,2008-01-04 16:46:00+00:00,10.2,2008-01-05 05:21:00+00:00,0.0,,,11.7,,2.8,355.8,1440,900,129.0998,35.5824
2008-01-05,5.3,0.9,2008-01-04 22:20:00+00:00,10.8,2008-01-05 06:26:00+00:00,0.0,,,5.3,,0.9,34.9,1440,901,129.4424,35.4927
2008-01-05,1.2,-2.5,2008-01-04 21:44:00+00:00,7.0,2008-01-05 05:40:00+00:00,0.0,,,4.2,,1.0,357.1,1440,902,127.7594,35.3188
2008-01-05,1.5,-2.6,2008-01-04 22:16:00+00:00,8.8,2008-01-05 04:58:00+00:00,0.0,,,7.4,,1.3,330.6,1440,744,126.3276,34.6709
2008-01-05,0.7,-5.1,2008-01-04 22:11:00+00:00,9.0,2008-01-05 06:20:00+00:00,0.0,,,4.9,,0.8,11.3,1440,903,128.4742,35.3855
2008-01-05,1.7,-4.0,2008-01-04 22:07:00+00:00,9.8,2008-01-05 07:09:00+00:00,0.0,,,6.8,,0.9,322.3,1440,904,128.6667,35.35
2008-01-05,3.9,-1.0,2008-01-04 15:01:00+00:00,9.8,2008-01-05 05:27:00+00:00,0.0,,,8.0,,1.3,231.8,1440,905,129.0386,35.3319
2008-01-05,1.3,-3.0,2008-01-04 22:29:00+00:00,6.9,2008-01-05 06:09:00+00:00,0.0,,,11.1,,2.9,283.0,1440,906,127.6254,35.1883
2008-01-05,4.3,-0.5,2008-01-04 22:40:00+00:00,9.0,2008-01-05 05:40:00+00:00,0.0,,,8.1,,2.4,329.5,1440,907,128.07,34.93
2008-01-05,2.8,-2.2,2008-01-04 22:40:00+00:00,10.6,2008-01-05 06:49:00+00:00,0.0,,,7.4,,0.7,329.9,1440,908,128.75,35.12
2008-01-05,5.8,2.4,2008-01-04 22:30:00+00:00,10.0,2008-01-05 04:57:00+00:00,0.0,,,7.1,,2.4,354.3,1440,909,128.7382,34.7877
2008-01-05,5.5,1.6,2008-01-04 22:58:00+00:00,9.8,2008-01-05 05:26:00+00:00,0.0,,,8.0,,1.5,230.6,1440,910,129.08,35.07
2008-01-05,6.9,4.6,2008-01-04 21:40:00+00:00,8.9,2008-01-05 06:59:00+00:00,0.0,,,9.1,,3.9,270.0,1440,911,128.5778,34.6477
2008-01-05,4.8,-0.3,2008-01-04 22:08:00+00:00,10.0,2008-01-05 05:20:00+00:00,0.0,,,9.6,,2.2,273.6,1440,913,127.9854,34.7238
2008-01-05,-0.7,-4.8,2008-01-04 22:10:00+00:00,5.6,2008-01-05 05:43:00+00:00,0.0,,,9.5,,3.7,5.5,1440,914,127.6955,35.6477
2008-01-05,0.5,-6.3,2008-01-04 22:21:00+00:00,10.9,2008-01-05 05:30:00+00:00,0.0,,,6.3,,0.9,286.8,1440,915,128.1219,35.4144
2008-01-05,2.6,-3.2,2008-01-04 22:34:00+00:00,10.8,2008-01-05 06:27:00+00:00,0.0,,,8.6,,1.5,2.7,1440,916,127.95,35.3
2008-01-05,0.5,-4.7,2008-01-04 22:51:00+00:00,10.4,2008-01-05 05:51:00+00:00,0.0,,,3.9,,0.9,16.8,1440,917,128.0677,35.037
2008-01-05,2.4,-2.2,2008-01-04 15:45:00+00:00,9.1,2008-01-05 07:03:00+00:00,0.0,,,5.0,,0.9,162.1,1440,918,128.3333,34.97
2008-01-05,-0.9,-7.2,2008-01-04 21:57:00+00:00,8.7,2008-01-05 05:35:00+00:00,0.0,,,5.5,,1.0,16.8,1440,919,128.4767,35.5514
2008-01-05,0.3,-5.7,2008-01-04 22:40:00+00:00,10.0,2008-01-05 06:39:00+00:00,0.0,,,5.1,,0.4,90.0,1438,920,128.3992,35.2934
2008-01-05,5.9,3.1,2008-01-04 22:05:00+00:00,9.8,2008-01-05 06:04:00+00:00,0.0,,,10.4,,3.6,312.2,1440,921,128.8291,34.9897
2008-01-05,2.3,-2.2,2008-01-04 23:21:00+00:00,9.1,2008-01-05 07:00:00+00:00,0.0,,,8.2,,2.6,285.7,1440,922,128.9189,35.3647
2008-01-05,5.0,-2.3,2008-01-04 22:26:00+00:00,11.6,2008-01-05 06:08:00+00:00,0.0,,,5.7,,1.4,114.4,1440,923,129.2323,35.264
2008-01-05,6.0,1.0,2008-01-04 22:05:00+00:00,10.2,2008-01-05 05:58:00+00:00,0.0,,,5.1,,1.5,334.1,1440,924,129.3603,35.3587
2008-01-05,2.0,-3.0,2008-01-04 15:01:00+00:00,10.0,2008-01-05 06:57:00+00:00,0.0,,,8.0,,1.0,288.3,1440,926,128.4719,35.1137
2008-01-05,0.6,-5.0,2008-01-04 17:42:00+00:00,10.1,2008-01-05 06:47:00+00:00,0.0,,,5.0,,0.6,262.1,1440,927,128.8809,35.5842
2008-01-05,3.2,-2.7,2008-01-04 22:48:00+00:00,11.0,2008-01-05 04:43:00+00:00,0.0,,,5.7,,1.1,300.8,1440,928,129.1731,35.4162
2008-01-05,-0.6,-5.8,2008-01-04 23:04:00+00:00,8.6,2008-01-05 06:26:00+00:00,0.0,,,5.2,,1.6,302.5,1440,929,128.2586,35.0989
2008-01-05,5.0,0.8,2008-01-04 22:28:00+00:00,9.9,2008-01-05 06:54:00+00:00,0.0,,,8.4,,1.8,295.2,1440,930,128.2251,34.8436
2008-01-05,5.8,2.0,2008-01-04 15:54:00+00:00,9.0,2008-01-05 06:22:00+00:00,0.0,,,7.2,,2.3,306.6,1440,931,128.2634,34.6363
2008-01-05,3.0,-2.3,2008-01-04 22:14:00+00:00,9.6,2008-01-05 05:39:00+00:00,0.0,,,8.6,,1.3,300.8,1440,932,127.7455,35.0721
2008-01-05,3.0,-2.1,2008-01-04 22:15:00+00:00,9.4,2008-01-05 06:05:00+00:00,0.0,,,7.1,,1.2,222.5,1440,933,127.859,34.9506
2008-01-05,-0.3,-6.5,2008-01-04 22:53:00+00:00,10.1,2008-01-05 06:08:00+00:00,0.0,,,3.5,,0.7,145.6,1440,934,127.9322,35.1986
2008-01-05,-1.2,-7.1,2008-01-04 22:24:00+00:00,8.0,2008-01-05 05:53:00+00:00,0.0,,,3.8,,0.8,76.8,1440,935,128.32,35.55
2008-01-05,1.4,-4.3,2008-01-04 22:52:00+00:00,10.7,2008-01-05 06:00:00+00:00,0.0,,,5.3,,1.0,108.2,1440,936,128.2833,35.3167
2008-01-05,2.4,-1.9,2008-01-04 22:46:00+00:00,6.6,2008-01-05 05:54:00+00:00,0.0,,,2.0,,0.5,284.9,1440,938,129.0514,35.1472
2008-01-05,3.9,0.6,2008-01-04 17:00:00+00:00,8.7,2008-01-05 05:26:00+00:00,0.0,,,8.6,,1.3,279.9,1440,804,129.338,36.1996
2008-01-05,-0.5,-4.4,2008-01-04 20:20:00+00:00,4.6,2008-01-05 06:20:00+00:00,0.0,,,8.4,,2.2,281.2,1440,834,127.9515,36.4455
2008-01-05,-1.3,-7.6,2008-01-04 21:05:00+00:00,8.7,2008-01-05 05:24:00+00:00,0.0,,,7.2,,1.4,352.1,1440,848,128.8922,35.687
2008-01-05,-4.5,,,,,,,,,,,,143,875,128.4667,38.1333
2008-01-05,5.7,2.8,2008-01-04 22:43:00+00:00,10.2,2008-01-05 04:20:00+00:00,0.0,,,8.7,,2.3,242.8,1440,876,129.1631,37.4354
2008-01-05,4.2,0.1,2008-01-04 15:17:00+00:00,9.3,2008-01-05 05:01:00+00:00,0.0,,,10.6,,2.0,299.5,1440,939,129.0824,35.2354
2008-01-05,5.2,0.8,2008-01-04 15:13:00+00:00,10.0,2008-01-05 05:46:00+00:00,0.0,,,6.8,,1.3,299.5,1440,940,129.0856,35.2053
2008-01-05,3.8,-0.8,2008-01-04 22:46:00+00:00,7.7,2008-01-05 06:00:00+00:00,0.0,,,7.1,,0.8,264.8,1440,941,129.0065,35.1926
2008-01-05,4.7,0.9,2008-01-04 23:11:00+00:00,9.1,2008-01-05 03:57:00+00:00,0.0,,,7.5,,1.4,278.2,1440,942,129.1051,35.1304
2008-01-05,5.6,1.7,2008-01-04 20:55:00+00:00,11.3,2008-01-05 06:23:00+00:00,0.0,,,7.9,,3.3,320.6,1440,943,129.3519,35.5076
2008-01-05,1.2,-4.3,2008-01-04 22:47:00+00:00,11.0,2008-01-05 05:37:00+00:00,0.0,,,7.5,,1.5,235.7,1440,944,128.569,35.387
2008-01-05,3.0,-0.9,2008-01-04 15:06:00+00:00,8.7,2008-01-05 05:27:00+00:00,0.0,,,8.3,,1.6,232.5,1440,945,127.99,35.5345
2008-01-05,-2.0,-8.4,2008-01-04 23:04:00+00:00,8.6,2008-01-05 04:35:00+00:00,0.0,,,11.5,,1.3,225.6,1440,946,127.8193,35.7773
2008-01-05,3.7,-0.4,2008-01-04 22:58:00+00:00,8.9,2008-01-05 06:01:00+00:00,0.0,,,6.1,,2.3,302.8,1440,947,128.6036,34.7257
2008-01-05,6.1,2.8,2008-01-04 22:34:00+00:00,9.8,2008-01-05 05:10:00+00:00,0.0,,,10.0,,3.1,292.5,1439,950,129.1381,35.1612
2008-01-05,-1.5,-6.4,2008-01-04 22:26:00+00:00,6.5,2008-01-05 05:04:00+00:00,0.0,,,6.4,,0.3,291.6,1440,951,126.9,35.4667
2008-01-05,3.1,0.0,2008-01-05 13:23:00+00:00,8.3,2008-01-05 07:09:00+00:00,0.0,,,8.5,,1.8,348.4,1440,953,128.6741,34.9924
2008-01-05,3.4,0.1,2008-01-04 20:05:00+00:00,9.2,2008-01-05 05:31:00+00:00,0.0,,,6.8,,1.1,291.0,1440,301,126.1112,35.0841
2008-01-05,-8.0,-10.4,2008-01-04 19:33:00+00:00,-5.4,2008-01-05 06:05:00+00:00,0.0,,,1.7,,0.4,322.5,1401,320,128.3208,38.325
2008-01-05,-2.5,-10.7,2008-01-04 22:50:00+00:00,4.5,2008-01-05 05:09:00+00:00,0.0,,,8.7,,1.1,143.1,1437,497,128.8515,37.5752
2008-01-05,-0.5,-7.4,2008-01-04 23:01:00+00:00,6.8,2008-01-05 06:18:00+00:00,0.0,,,4.7,,0.6,315.4,1440,506,126.779,37.7584
2008-01-05,-4.1,-11.4,2008-01-04 22:40:00+00:00,5.7,2008-01-05 05:26:00+00:00,0.0,,,7.6,,0.6,235.2,1438,507,127.1891,37.9917
2008-01-05,2.0,-1.5,2008-01-04 21:38:00+00:00,5.7,2008-01-05 05:55:00+00:00,0.0,,,4.4,,1.4,264.1,1440,508,126.3634,37.465
2008-01-05,0.1,-4.0,2008-01-04 21:17:00+00:00,6.4,2008-01-05 04:48:00+00:00,0.0,,,6.5,,1.9,203.9,1440,509,126.9523,37.45
2008-01-05,2.7,-1.6,2008-01-04 22:40:00+00:00,6.8,2008-01-05 05:26:00+00:00,0.0,,,5.1,,0.9,290.1,1440,510,126.908,37.5262
2008-01-05,1.1,-4.6,2008-01-04 22:22:00+00:00,7.5,2008-01-05 04:10:00+00:00,0.0,,,5.7,,1.1,251.7,1440,511,126.6833,37.55
2008-01-05,1.3,-3.6,2008-01-04 21:12:00+00:00,7.5,2008-01-05 05:24:00+00:00,0.0,,,4.0,,1.0,185.3,1440,512,126.6621,37.3968
2008-01-05,2.7,-0.1,2008-01-04 21:04:00+00:00,7.8,2008-01-05 03:45:00+00:00,0.0,,,7.2,,3.2,254.7,1439,513,126.1468,37.2331
2008-01-05,1.6,-3.0,2008-01-04 20:16:00+00:00,7.8,2008-01-05 06:25:00+00:00,0.0,,,5.1,,1.3,224.8,1440,514,126.5806,37.2455
2008-01-05,-0.3,-5.7,2008-01-04 22:54:00+00:00,7.4,2008-01-05 05:32:00+00:00,0.0,,,4.3,,1.1,300.9,1440,515,126.8007,37.0819
2008-01-05,0.1,-5.5,2008-01-04 23:13:00+00:00,7.1,2008-01-05 06:49:00+00:00,0.0,,,6.2,,0.2,232.5,1437,516,127.2651,37.013
2008-01-05,1.5,-3.2,2008-01-04 23:00:00+00:00,8.0,2008-01-05 05:01:00+00:00,0.0,,,9.1,,1.2,0.0,1440,517,128.4745,38.3854
2008-01-05,-2.3,-10.4,2008-01-04 23:23:00+00:00,2.5,2008-01-05 05:23:00+00:00,0.0,,,9.9,,2.0,175.7,1440,518,128.1397,38.2847
2008-01-05,-3.8,-10.8,2008-01-04 22:56:00+00:00,3.5,2008-01-05 03:45:00+00:00,0.0,,,7.8,,1.0,323.4,1440,519,127.5235,38.0702
2008-01-05,1.9,-3.4,2008-01-04 21:18:00+00:00,6.7,2008-01-05 04:27:00+00:00,0.0,,,12.1,,1.8,269.2,1440,520,128.4933,38.1721
2008-01-05,1.6,-4.2,2008-01-04 22:58:00+00:00,8.8,2008-01-05 06:03:00+00:00,0.0,,,7.0,,1.7,90.0,1440,521,128.6026,38.1438
2008-01-05,-3.9,-11.0,2008-01-04 22:50:00+00:00,4.7,2008-01-05 05:16:00+00:00,0.0,,,6.1,,0.7,255.8,1440,522,128.0189,37.8687
2008-01-05,5.2,1.4,2008-01-04 21:17:00+00:00,9.9,2008-01-05 05:33:00+00:00,0.0,,,10.0,,2.1,329.0,1440,523,128.83,37.9
2008-01-05,3.9,-1.7,2008-01-04 19:50:00+00:00,9.0,2008-01-05 04:25:00+00:00,0.0,,,8.4,,2.8,216.5,1440,524,128.9045,37.8047
2008-01-05,-4.6,-11.8,2008-01-04 22:51:00+00:00,2.3,2008-01-05 04:10:00+00:00,0.0,,,6.6,,0.8,213.7,1440,525,128.3797,37.6161
2008-01-05,-4.6,-10.8,2008-01-04 22:43:00+00:00,4.9,2008-01-05 05:37:00+00:00,0.0,,,5.3,,0.5,216.5,1440,526,128.3946,37.3779
2008-01-05,-1.2,-7.9,2008-01-04 22:52:00+00:00,4.5,2008-01-05 05:42:00+00:00,0.0,,,11.4,,2.2,239.0,1440,527,128.6645,37.4299
2008-01-05,3.1,-0.6,2008-01-04 18:55:00+00:00,6.9,2008-01-05 04:53:00+00:00,0.0,,,7.6,,1.6,253.1,1440,528,124.7188,37.9743
2008-01-05,2.9,-2.2,2008-01-04 22:42:00+00:00,10.5,2008-01-05 03:53:00+00:00,0.0,,,5.5,,1.8,298.1,1440,529,129.3434,37.2325
2008-01-05,7.0,5.3,2008-01-04 23:00:00+00:00,8.3,2008-01-05 03:04:00+00:00,0.0,,,13.5,,3.1,317.8,1440,530,130.7977,37.5184
2008-01-05,-3.3,-9.7,2008-01-04 22:39:00+00:00,6.0,2008-01-05 06:17:00+00:00,0.0,,,6.0,,0.6,221.5,1440,531,127.5502,37.8856
2008-01-05,-0.6,-6.0,2008-01-04 22:45:00+00:00,5.9,2008-01-05 05:15:00+00:00,0.0,,,6.6,,0.8,167.2,1438,532,127.0352,37.7355
2008-01-05,-2.6,-8.9,2008-01-04 22:44:00+00:00,6.0,2008-01-05 06:09:00+00:00,0.0,,,6.2,,0.9,264.2,1440,533,127.3333,37.55
2008-01-05,-1.5,-7.3,2008-01-04 22:23:00+00:00,6.0,2008-01-05 05:16:00+00:00,0.0,,,6.5,,0.7,216.2,1440,534,127.6171,37.1147
2008-01-05,-4.5,-11.2,2008-01-04 23:03:00+00:00,4.3,2008-01-05 05:55:00+00:00,0.0,,,7.2,,0.6,271.3,1439,535,128.1867,37.7116
2008-01-05,-2.9,-8.9,2008-01-04 22:07:00+00:00,5.1,2008-01-05 05:16:00+00:00,0.0,,,6.5,,0.7,237.8,1440,536,127.88,37.47
2008-01-05,-1.2,-7.7,2008-01-04 23:22:00+00:00,3.5,2008-01-05 06:52:00+00:00,0.0,,,11.6,,3.4,209.0,1440,537,128.852,37.4949
2008-01-05,-5.2,-11.9,2008-01-04 22:45:00+00:00,4.1,2008-01-05 05:41:00+00:00,0.0,,,7.6,,0.9,176.3,1438,538,127.103,38.1725
2008-01-05,-4.0,-10.1,2008-01-04 22:37:00+00:00,4.0,2008-01-05 05:08:00+00:00,0.0,,,8.1,,0.5,159.0,1438,539,127.3667,38.0333
2008-01-05,-1.3,-7.2,2008-01-04 22:36:00+00:00,6.5,2008-01-05 05:27:00+00:00,0.0,,,5.3,,1.2,247.2,1440,540,126.8774,37.6413
2008-01-05,-3.2,-10.3,2008-01-04 22:20:00+00:00,6.6,2008-01-05 05:16:00+00:00,0.0,,,5.5,,0.7,291.8,1440,541,127.18,37.65
2008-01-05,-2.3,-8.6,2008-01-04 23:00:00+00:00,6.7,2008-01-05 04:37:00+00:00,0.0,,,6.3,,0.9,159.1,1440,542,127.3802,37.6841
2008-01-05,-3.6,-10.0,2008-01-04 23:01:00+00:00,5.4,2008-01-05 06:09:00+00:00,0.0,,,7.5,,0.4,315.6,1440,556,127.9908,38.1056
2008-01-05,-3.3,-9.7,2008-01-04 23:06:00+00:00,5.3,2008-01-05 06:21:00+00:00,0.0,,,7.1,,1.2,200.8,1440,573,127.7106,37.5563
2008-01-05,-3.7,-10.0,2008-01-04 22:56:00+00:00,5.9,2008-01-05 05:44:00+00:00,0.0,,,5.3,,0.5,211.5,1438,599,127.1698,37.7617
